Task,"(0, '2019-10-29T02:13:05.153467', 'Absolute Genesis Block', '000920d09e22591891c43ef20f2ce55d06b71d028037a64abcbfe32273ec183f', '0000000000000000000000000000000000000000000000000000000000000000', 4627, 'AGB')",Start_time,2019-10-28 22:13:05.153467,End_time,2019-10-28 22:13:05.173466,Duration,0:00:00.019999
Task,"(1, '2019-10-29T02:13:05.175467', {'digest': 'C38B226D489D312EE7FC940C42E5651046F8827AFF9D8226CF06BAFA6591B217'}, '00048dfc193ae695658962e1570c79a63601b4bd701730f969089fcea7e7ad5f', '000920d09e22591891c43ef20f2ce55d06b71d028037a64abcbfe32273ec183f', 826, 'DB')",Start_time,2019-10-28 22:13:05.175467,End_time,2019-10-28 22:13:05.179467,Duration,0:00:00.004000
Task,"(2, '2019-10-29T02:13:05.181468', <LC.TB_data object at 0x000001BA37E80A20>, '000037d7b003e375cb9674af685176669441fb275fa54477b753c9a7e3846956', '00048dfc193ae695658962e1570c79a63601b4bd701730f969089fcea7e7ad5f', 23895, 'TB')",Start_time,2019-10-28 22:13:05.181468,End_time,2019-10-28 22:13:05.289466,Duration,0:00:00.107998
Task,"(3, '2019-10-29T02:13:15.537585', 'Relative Genesis Block', '0006c0d603a85a1c53933d7183e39d902dd28f808e5c2bb8b46155b524c0245e', '000037d7b003e375cb9674af685176669441fb275fa54477b753c9a7e3846956', 9399, 'RGB')",Start_time,2019-10-28 22:13:15.537585,End_time,2019-10-28 22:13:15.564594,Duration,0:00:00.027009
Task,"(4, '2019-10-29T02:13:15.568013', {'digest': 'C38B226D489D312EE7FC940C42E5651046F8827AFF9D8226CF06BAFA6591B217'}, '000b0a88a05d67996031e75930585ff6bcc450efe675557c9dc952561cba5921', '0006c0d603a85a1c53933d7183e39d902dd28f808e5c2bb8b46155b524c0245e', 2203, 'DB')",Start_time,2019-10-28 22:13:15.568013,End_time,2019-10-28 22:13:15.573009,Duration,0:00:00.004996
Task,"(5, '2019-10-29T02:13:15.574010', <LC.TB_data object at 0x000001BA37E80F98>, '0006141fd87bdf6c5f6604c776106f62d186b2f4e7bf06a6f01dce3332a36312', '000b0a88a05d67996031e75930585ff6bcc450efe675557c9dc952561cba5921', 210, 'TB')",Start_time,2019-10-28 22:13:15.574010,End_time,2019-10-28 22:13:15.575013,Duration,0:00:00.001003
Task,"(6, '2019-10-29T02:13:25.746287', 'Relative Genesis Block', '0001a3eed05d4850d8ce217626cb7519e3a992f807f54060eae7841c0562cfb0', '0006141fd87bdf6c5f6604c776106f62d186b2f4e7bf06a6f01dce3332a36312', 11602, 'RGB')",Start_time,2019-10-28 22:13:25.746287,End_time,2019-10-28 22:13:25.790803,Duration,0:00:00.044516
Task,"(7, '2019-10-29T02:13:25.791806', {'digest': 'C38B226D489D312EE7FC940C42E5651046F8827AFF9D8226CF06BAFA6591B217'}, '000ee24c63ba950fc8fd7eabbf913e2297738621092c105ffd10f179fd8b25a7', '0001a3eed05d4850d8ce217626cb7519e3a992f807f54060eae7841c0562cfb0', 2189, 'DB')",Start_time,2019-10-28 22:13:25.791806,End_time,2019-10-28 22:13:25.798804,Duration,0:00:00.006998
Task,"(8, '2019-10-29T02:13:25.799805', <LC.TB_data object at 0x000001BA37EB9390>, '0008bf874401e431cef858dceb33e00c21ca69c4b4c0d270da824151a287f4a2', '000ee24c63ba950fc8fd7eabbf913e2297738621092c105ffd10f179fd8b25a7', 6182, 'TB')",Start_time,2019-10-28 22:13:25.799805,End_time,2019-10-28 22:13:25.812803,Duration,0:00:00.012998
Task,"(9, '2019-10-29T02:13:36.089246', 'Relative Genesis Block', '0008ddc73b264e631db24186579d8295972fa687a4f486b96941c24249a60e08', '0008bf874401e431cef858dceb33e00c21ca69c4b4c0d270da824151a287f4a2', 6080, 'RGB')",Start_time,2019-10-28 22:13:36.089246,End_time,2019-10-28 22:13:36.109308,Duration,0:00:00.020062
Task,"(10, '2019-10-29T02:13:36.110318', {'digest': 'C38B226D489D312EE7FC940C42E5651046F8827AFF9D8226CF06BAFA6591B217'}, '0009ca77227607412f57f3cf4015813ce4d4728e864f75853dabae964b574a67', '0008ddc73b264e631db24186579d8295972fa687a4f486b96941c24249a60e08', 9601, 'DB')",Start_time,2019-10-28 22:13:36.110318,End_time,2019-10-28 22:13:36.136356,Duration,0:00:00.026038
Task,"(11, '2019-10-29T02:13:36.137321', <LC.TB_data object at 0x000001BA37EB9320>, '0003efcf3ea726bb121945baf4f48cbbce460c83e6b97be65acae35afe3cdf61', '0009ca77227607412f57f3cf4015813ce4d4728e864f75853dabae964b574a67', 395, 'TB')",Start_time,2019-10-28 22:13:36.137321,End_time,2019-10-28 22:13:36.138359,Duration,0:00:00.001038
Task,"(12, '2019-10-29T02:13:46.378619', 'Relative Genesis Block', '00039230c5a181ac111b0bcfbea9356a3c460990ccd29f004dfdce87834a1ee0', '0003efcf3ea726bb121945baf4f48cbbce460c83e6b97be65acae35afe3cdf61', 8356, 'RGB')",Start_time,2019-10-28 22:13:46.378619,End_time,2019-10-28 22:13:46.403617,Duration,0:00:00.024998
Task,"(13, '2019-10-29T02:13:46.404617', {'digest': 'C38B226D489D312EE7FC940C42E5651046F8827AFF9D8226CF06BAFA6591B217'}, '0004b48a08ad63d233facdda77dd6c7593ed37957703c3797c9977db460db254', '00039230c5a181ac111b0bcfbea9356a3c460990ccd29f004dfdce87834a1ee0', 4217, 'DB')",Start_time,2019-10-28 22:13:46.404617,End_time,2019-10-28 22:13:46.417725,Duration,0:00:00.013108
Task,"(14, '2019-10-29T02:13:46.418724', <LC.TB_data object at 0x000001BA37EB99B0>, '0000b833e3e9c58ad8366eccd56914c2652b229df18048591611ed69ed67801b', '0004b48a08ad63d233facdda77dd6c7593ed37957703c3797c9977db460db254', 13558, 'TB')",Start_time,2019-10-28 22:13:46.418724,End_time,2019-10-28 22:13:46.456724,Duration,0:00:00.038000
Task,"(15, '2019-10-29T02:13:56.744770', 'Relative Genesis Block', '000ada3a345ac3d34dd28aeb945a27144952d140e62a450357c38e7a6047376d', '0000b833e3e9c58ad8366eccd56914c2652b229df18048591611ed69ed67801b', 2329, 'RGB')",Start_time,2019-10-28 22:13:56.744770,End_time,2019-10-28 22:13:56.757807,Duration,0:00:00.013037
Task,"(16, '2019-10-29T02:13:56.758777', {'digest': 'C38B226D489D312EE7FC940C42E5651046F8827AFF9D8226CF06BAFA6591B217'}, '000e5256afaaf0a1b614910aad635db78d754cb6acefe486a7b44189ec1aa415', '000ada3a345ac3d34dd28aeb945a27144952d140e62a450357c38e7a6047376d', 6176, 'DB')",Start_time,2019-10-28 22:13:56.758777,End_time,2019-10-28 22:13:56.781769,Duration,0:00:00.022992
Task,"(17, '2019-10-29T02:13:56.783770', <LC.TB_data object at 0x000001BA37ED32E8>, '000202a6960f610a3c408577d45bcd3f623ae0b39d4c53532a7456aed82f7e44', '000e5256afaaf0a1b614910aad635db78d754cb6acefe486a7b44189ec1aa415', 20657, 'TB')",Start_time,2019-10-28 22:13:56.783770,End_time,2019-10-28 22:13:56.846768,Duration,0:00:00.062998
Task,"(18, '2019-10-29T02:14:07.061581', 'Relative Genesis Block', '000d0d6c63abdf56afcb356e204e9ad67ccffd44466baf24626f9cc60519543e', '000202a6960f610a3c408577d45bcd3f623ae0b39d4c53532a7456aed82f7e44', 3206, 'RGB')",Start_time,2019-10-28 22:14:07.061581,End_time,2019-10-28 22:14:07.069581,Duration,0:00:00.008000
Task,"(19, '2019-10-29T02:14:07.071587', {'digest': 'C38B226D489D312EE7FC940C42E5651046F8827AFF9D8226CF06BAFA6591B217'}, '000f94fd3f666df840c292ed20f73525856c97376c484442151ac7deab7a1ec1', '000d0d6c63abdf56afcb356e204e9ad67ccffd44466baf24626f9cc60519543e', 3977, 'DB')",Start_time,2019-10-28 22:14:07.070585,End_time,2019-10-28 22:14:07.081582,Duration,0:00:00.010997
Task,"(20, '2019-10-29T02:14:07.083582', <LC.TB_data object at 0x000001BA37ED3358>, '00003308a7d6a464f58b591d9c6f2f6d4a5f9ae84f3e5f4a6c4a656c73310df7', '000f94fd3f666df840c292ed20f73525856c97376c484442151ac7deab7a1ec1', 272, 'TB')",Start_time,2019-10-28 22:14:07.083582,End_time,2019-10-28 22:14:07.083582,Duration,0:00:00
Task,"(21, '2019-10-29T02:14:17.254509', 'Relative Genesis Block', '000aa690a312b61abebdad65442c4910bf58d97aa8db5d9ee35dd21957a79b26', '00003308a7d6a464f58b591d9c6f2f6d4a5f9ae84f3e5f4a6c4a656c73310df7', 18404, 'RGB')",Start_time,2019-10-28 22:14:17.254509,End_time,2019-10-28 22:14:17.303665,Duration,0:00:00.049156
Task,"(22, '2019-10-29T02:14:17.304618', {'digest': 'C38B226D489D312EE7FC940C42E5651046F8827AFF9D8226CF06BAFA6591B217'}, '000304e4a0f63c7a348ee99f0e2dc9664fce5854db8f38e9382de6409e4ff217', '000aa690a312b61abebdad65442c4910bf58d97aa8db5d9ee35dd21957a79b26', 3435, 'DB')",Start_time,2019-10-28 22:14:17.304618,End_time,2019-10-28 22:14:17.312616,Duration,0:00:00.007998
Task,"(23, '2019-10-29T02:14:17.312616', <LC.TB_data object at 0x000001BA37ED3DD8>, '0000aad780011578eadfd47937e8a80dbe9013e635ce7b210e4723ca2b3bf54b', '000304e4a0f63c7a348ee99f0e2dc9664fce5854db8f38e9382de6409e4ff217', 8844, 'TB')",Start_time,2019-10-28 22:14:17.312616,End_time,2019-10-28 22:14:17.332652,Duration,0:00:00.020036
Task,"(24, '2019-10-29T02:14:27.527534', 'Relative Genesis Block', '000bbb1ce1c45291b0f41522e5a06370be5ae768f9916d49cc429a69066e3c17', '0000aad780011578eadfd47937e8a80dbe9013e635ce7b210e4723ca2b3bf54b', 2483, 'RGB')",Start_time,2019-10-28 22:14:27.527534,End_time,2019-10-28 22:14:27.538511,Duration,0:00:00.010977
Task,"(25, '2019-10-29T02:14:27.539520', {'digest': 'C38B226D489D312EE7FC940C42E5651046F8827AFF9D8226CF06BAFA6591B217'}, '000a2ef1a16f2f01870e99c4e856692ed3f0fcc9051d8b037c1183acd0300597', '000bbb1ce1c45291b0f41522e5a06370be5ae768f9916d49cc429a69066e3c17', 2829, 'DB')",Start_time,2019-10-28 22:14:27.539520,End_time,2019-10-28 22:14:27.554510,Duration,0:00:00.014990
Task,"(26, '2019-10-29T02:14:27.555516', <LC.TB_data object at 0x000001BA37ED3FD0>, '00073784aef8d50e54de7ca1f40a9c62430975a58d08b9dceb32949ef87919f4', '000a2ef1a16f2f01870e99c4e856692ed3f0fcc9051d8b037c1183acd0300597', 9989, 'TB')",Start_time,2019-10-28 22:14:27.555516,End_time,2019-10-28 22:14:27.601508,Duration,0:00:00.045992
Task,"(27, '2019-10-29T02:14:37.789300', 'Relative Genesis Block', '000ccb7255a704e79f0e96a4cdde7e4456a08f8cfcc8f3b4421bb5eed90a50d3', '00073784aef8d50e54de7ca1f40a9c62430975a58d08b9dceb32949ef87919f4', 16651, 'RGB')",Start_time,2019-10-28 22:14:37.789300,End_time,2019-10-28 22:14:37.834521,Duration,0:00:00.045221
Task,"(28, '2019-10-29T02:14:37.835487', {'digest': 'C38B226D489D312EE7FC940C42E5651046F8827AFF9D8226CF06BAFA6591B217'}, '00045b7fcb7f683e79ee4a35b8683e7f67ebea53e4552efd62cf71b6bcb3cda0', '000ccb7255a704e79f0e96a4cdde7e4456a08f8cfcc8f3b4421bb5eed90a50d3', 2207, 'DB')",Start_time,2019-10-28 22:14:37.835487,End_time,2019-10-28 22:14:37.840499,Duration,0:00:00.005012
Task,"(29, '2019-10-29T02:14:37.841500', <LC.TB_data object at 0x000001BA37EDC3C8>, '0001bc20f7a2602f9edd6667ba4c9744b440ad5b930f13a1c4280af9d4a83244', '00045b7fcb7f683e79ee4a35b8683e7f67ebea53e4552efd62cf71b6bcb3cda0', 7152, 'TB')",Start_time,2019-10-28 22:14:37.841500,End_time,2019-10-28 22:14:37.857533,Duration,0:00:00.016033
Task,"(30, '2019-10-29T02:14:48.062534', 'Relative Genesis Block', '000c43d6c1c9d5122292903d5f057c566e4d805c21d2773398efff50cae120c4', '0001bc20f7a2602f9edd6667ba4c9744b440ad5b930f13a1c4280af9d4a83244', 4001, 'RGB')",Start_time,2019-10-28 22:14:48.062534,End_time,2019-10-28 22:14:48.084533,Duration,0:00:00.021999
Task,"(31, '2019-10-29T02:14:48.086533', {'digest': 'C38B226D489D312EE7FC940C42E5651046F8827AFF9D8226CF06BAFA6591B217'}, '000b16c8f0b985e5a47a15115c145c37d50be5977f444ac4be8de1be94cf0cae', '000c43d6c1c9d5122292903d5f057c566e4d805c21d2773398efff50cae120c4', 134, 'DB')",Start_time,2019-10-28 22:14:48.086533,End_time,2019-10-28 22:14:48.086533,Duration,0:00:00
Task,"(32, '2019-10-29T02:14:48.088569', <LC.TB_data object at 0x000001BA37EDC438>, '0008199727739da731f78dca6a33c62553a255ce36fa4067a45ce46163b0fbe8', '000b16c8f0b985e5a47a15115c145c37d50be5977f444ac4be8de1be94cf0cae', 3572, 'TB')",Start_time,2019-10-28 22:14:48.088569,End_time,2019-10-28 22:14:48.105530,Duration,0:00:00.016961
Task,"(33, '2019-10-29T02:14:58.312550', 'Relative Genesis Block', '00078623445cb09aea449acbd559f5d2229df53562b50e07eff48616296d0630', '0008199727739da731f78dca6a33c62553a255ce36fa4067a45ce46163b0fbe8', 2444, 'RGB')",Start_time,2019-10-28 22:14:58.312550,End_time,2019-10-28 22:14:58.322587,Duration,0:00:00.010037
Task,"(34, '2019-10-29T02:14:58.324548', {'digest': 'C38B226D489D312EE7FC940C42E5651046F8827AFF9D8226CF06BAFA6591B217'}, '00037aa245f4416deca7abaf72af6be9b0cfa92acd0ff64edc635881870c6622', '00078623445cb09aea449acbd559f5d2229df53562b50e07eff48616296d0630', 240, 'DB')",Start_time,2019-10-28 22:14:58.324548,End_time,2019-10-28 22:14:58.325593,Duration,0:00:00.001045
Task,"(35, '2019-10-29T02:14:58.327254', <LC.TB_data object at 0x000001BA37EDCEB8>, '000f543a8488ebf044ed0a63234bcd5f412c2afd3b4d40c5622b2fca8e0b88be', '00037aa245f4416deca7abaf72af6be9b0cfa92acd0ff64edc635881870c6622', 5636, 'TB')",Start_time,2019-10-28 22:14:58.327254,End_time,2019-10-28 22:14:58.345273,Duration,0:00:00.018019
Task,"(36, '2019-10-29T02:15:08.499928', 'Relative Genesis Block', '000594e4475b8a780ff072ddaac9ba69698780a7dc37d448c2f49159471a6c80', '000f543a8488ebf044ed0a63234bcd5f412c2afd3b4d40c5622b2fca8e0b88be', 4958, 'RGB')",Start_time,2019-10-28 22:15:08.499928,End_time,2019-10-28 22:15:08.514040,Duration,0:00:00.014112
Task,"(37, '2019-10-29T02:15:08.515041', {'digest': 'C38B226D489D312EE7FC940C42E5651046F8827AFF9D8226CF06BAFA6591B217'}, '0003623b07bca384567652876511f4903ede85b7df1c6d4e8e689bf43a55ef4d', '000594e4475b8a780ff072ddaac9ba69698780a7dc37d448c2f49159471a6c80', 3602, 'DB')",Start_time,2019-10-28 22:15:08.515041,End_time,2019-10-28 22:15:08.531008,Duration,0:00:00.015967
Task,"(38, '2019-10-29T02:15:08.532004', <LC.TB_data object at 0x000001BA37EDCEF0>, '000b865fd5e223a26b502de8f8a6343d6522ee7de3674368891480f47daf84cb', '0003623b07bca384567652876511f4903ede85b7df1c6d4e8e689bf43a55ef4d', 5147, 'TB')",Start_time,2019-10-28 22:15:08.532004,End_time,2019-10-28 22:15:08.548122,Duration,0:00:00.016118
Task,"(39, '2019-10-29T02:15:18.710751', 'Relative Genesis Block', '000f1c451532fe9950714c7332f6e049d481d5ca35d9eacf18375b24c5f16431', '000b865fd5e223a26b502de8f8a6343d6522ee7de3674368891480f47daf84cb', 1748, 'RGB')",Start_time,2019-10-28 22:15:18.710751,End_time,2019-10-28 22:15:18.715750,Duration,0:00:00.004999
Task,"(40, '2019-10-29T02:15:18.717794', {'digest': 'C38B226D489D312EE7FC940C42E5651046F8827AFF9D8226CF06BAFA6591B217'}, '00017e7a7b539ac805edd4e862ecbd4d6635de97ac10768125aea3fb892559e7', '000f1c451532fe9950714c7332f6e049d481d5ca35d9eacf18375b24c5f16431', 1565, 'DB')",Start_time,2019-10-28 22:15:18.717794,End_time,2019-10-28 22:15:18.722754,Duration,0:00:00.004960
Task,"(41, '2019-10-29T02:15:18.723768', <LC.TB_data object at 0x000001BA37EE5390>, '0009e925f2cd39b7fa5a57c751b5e35a104205ec7ba21607e34a33c4a32ff5fa', '00017e7a7b539ac805edd4e862ecbd4d6635de97ac10768125aea3fb892559e7', 2207, 'TB')",Start_time,2019-10-28 22:15:18.723768,End_time,2019-10-28 22:15:18.730751,Duration,0:00:00.006983
Task,"(42, '2019-10-29T02:15:28.906636', 'Relative Genesis Block', '000aed03c03e745bd4622e067adff35e4fd262c0b0c02c21e0c77985aefc7844', '0009e925f2cd39b7fa5a57c751b5e35a104205ec7ba21607e34a33c4a32ff5fa', 3064, 'RGB')",Start_time,2019-10-28 22:15:28.906636,End_time,2019-10-28 22:15:28.916719,Duration,0:00:00.010083
Task,"(43, '2019-10-29T02:15:28.917792', {'digest': 'C38B226D489D312EE7FC940C42E5651046F8827AFF9D8226CF06BAFA6591B217'}, '000b2e4476f4fd71488e78e34b03287081bb4a09478409d3df31c30ed81d489e', '000aed03c03e745bd4622e067adff35e4fd262c0b0c02c21e0c77985aefc7844', 6719, 'DB')",Start_time,2019-10-28 22:15:28.917792,End_time,2019-10-28 22:15:28.940892,Duration,0:00:00.023100
Task,"(44, '2019-10-29T02:15:28.941888', <LC.TB_data object at 0x000001BA37EE5518>, '000a974f95e5d27c817920b048506ce843b437519ee1cddfe6e6cc8ae1050c11', '000b2e4476f4fd71488e78e34b03287081bb4a09478409d3df31c30ed81d489e', 7187, 'TB')",Start_time,2019-10-28 22:15:28.941888,End_time,2019-10-28 22:15:28.960381,Duration,0:00:00.018493
Task,"(45, '2019-10-29T02:15:39.138145', 'Relative Genesis Block', '000b219cea4fc85cd3bbd06736ed3e397c5f3b2639fc5cfcadb0575df9c270e5', '000a974f95e5d27c817920b048506ce843b437519ee1cddfe6e6cc8ae1050c11', 2160, 'RGB')",Start_time,2019-10-28 22:15:39.138145,End_time,2019-10-28 22:15:39.148171,Duration,0:00:00.010026
Task,"(46, '2019-10-29T02:15:39.149169', {'digest': 'C38B226D489D312EE7FC940C42E5651046F8827AFF9D8226CF06BAFA6591B217'}, '00007ef453117c8027d21785599517f6caa5bd4562dc8e52be467426c83edbf9', '000b219cea4fc85cd3bbd06736ed3e397c5f3b2639fc5cfcadb0575df9c270e5', 4136, 'DB')",Start_time,2019-10-28 22:15:39.149169,End_time,2019-10-28 22:15:39.163169,Duration,0:00:00.014000
Task,"(47, '2019-10-29T02:15:39.164184', <LC.TB_data object at 0x000001BA37EE5F60>, '00034360153b5afaff77c0f0e1a28adddb5c87b0ea5816362b5af75d4b8a5a17', '00007ef453117c8027d21785599517f6caa5bd4562dc8e52be467426c83edbf9', 2062, 'TB')",Start_time,2019-10-28 22:15:39.164184,End_time,2019-10-28 22:15:39.172174,Duration,0:00:00.007990
Task,"(48, '2019-10-29T02:15:49.334686', 'Relative Genesis Block', '000993a1cae55a5421b3d8968cda651c0b5d957f5b41926ee496dd3318c5a87d', '00034360153b5afaff77c0f0e1a28adddb5c87b0ea5816362b5af75d4b8a5a17', 14047, 'RGB')",Start_time,2019-10-28 22:15:49.334686,End_time,2019-10-28 22:15:49.377801,Duration,0:00:00.043115
Task,"(49, '2019-10-29T02:15:49.378796', {'digest': 'C38B226D489D312EE7FC940C42E5651046F8827AFF9D8226CF06BAFA6591B217'}, '000d3e8781bd9b011b6944edf1eddc2b9f4458f833d0d82c6b33cd62b56d47a2', '000993a1cae55a5421b3d8968cda651c0b5d957f5b41926ee496dd3318c5a87d', 2288, 'DB')",Start_time,2019-10-28 22:15:49.378796,End_time,2019-10-28 22:15:49.383793,Duration,0:00:00.004997
Task,"(50, '2019-10-29T02:15:49.384799', <LC.TB_data object at 0x000001BA37EE5DD8>, '0008f08c8926f41b5ff88b980c0d4ef757fe778b911db9b0ffa11cbd176fe867', '000d3e8781bd9b011b6944edf1eddc2b9f4458f833d0d82c6b33cd62b56d47a2', 609, 'TB')",Start_time,2019-10-28 22:15:49.384799,End_time,2019-10-28 22:15:49.385830,Duration,0:00:00.001031
Task,"(51, '2019-10-29T02:15:59.541852', 'Relative Genesis Block', '000019698219e4a768f2250f5e36b9a93b3d6398aa43d558fc303176582ce8c8', '0008f08c8926f41b5ff88b980c0d4ef757fe778b911db9b0ffa11cbd176fe867', 4223, 'RGB')",Start_time,2019-10-28 22:15:59.541852,End_time,2019-10-28 22:15:59.563807,Duration,0:00:00.021955
Task,"(52, '2019-10-29T02:15:59.566814', {'digest': 'C38B226D489D312EE7FC940C42E5651046F8827AFF9D8226CF06BAFA6591B217'}, '0009ff0928e12d3bfc247b845bfcf16cc4fdf85fa8b0c43cb32be0f52db4b09d', '000019698219e4a768f2250f5e36b9a93b3d6398aa43d558fc303176582ce8c8', 1190, 'DB')",Start_time,2019-10-28 22:15:59.566814,End_time,2019-10-28 22:15:59.571843,Duration,0:00:00.005029
Task,"(53, '2019-10-29T02:15:59.572805', <LC.TB_data object at 0x000001BA37EDCDA0>, '000a31f3d4668a081d63b0f824ca61c0059e149a6e58b8832db6c4837cd87881', '0009ff0928e12d3bfc247b845bfcf16cc4fdf85fa8b0c43cb32be0f52db4b09d', 892, 'TB')",Start_time,2019-10-28 22:15:59.572805,End_time,2019-10-28 22:15:59.574842,Duration,0:00:00.002037
Task,"(54, '2019-10-29T02:16:09.742171', 'Relative Genesis Block', '000ee1aa22999b50dc70e2b6f979ba05cd60ce17bdeacdf63f13cbda2efdb39e', '000a31f3d4668a081d63b0f824ca61c0059e149a6e58b8832db6c4837cd87881', 12601, 'RGB')",Start_time,2019-10-28 22:16:09.742171,End_time,2019-10-28 22:16:09.781411,Duration,0:00:00.039240
Task,"(55, '2019-10-29T02:16:09.782378', {'digest': 'C38B226D489D312EE7FC940C42E5651046F8827AFF9D8226CF06BAFA6591B217'}, '000ea86007b027683189a75ba0220aa7d444f12566fa8b17c0b8444ca8704d47', '000ee1aa22999b50dc70e2b6f979ba05cd60ce17bdeacdf63f13cbda2efdb39e', 762, 'DB')",Start_time,2019-10-28 22:16:09.782378,End_time,2019-10-28 22:16:09.784376,Duration,0:00:00.001998
Task,"(56, '2019-10-29T02:16:09.785375', <LC.TB_data object at 0x000001BA37EDC2E8>, '000e0bc3cd6bbd82dfcfadfe3968d7a4843e5b9b7d5fba902aa38cfa0f796fe0', '000ea86007b027683189a75ba0220aa7d444f12566fa8b17c0b8444ca8704d47', 558, 'TB')",Start_time,2019-10-28 22:16:09.785375,End_time,2019-10-28 22:16:09.786378,Duration,0:00:00.001003
Task,"(57, '2019-10-29T02:16:19.951227', 'Relative Genesis Block', '000cb6c74f7eaaffedd407333a8e84bc4afae5dfa618a84e7fb5473f9b75144c', '000e0bc3cd6bbd82dfcfadfe3968d7a4843e5b9b7d5fba902aa38cfa0f796fe0', 5976, 'RGB')",Start_time,2019-10-28 22:16:19.951227,End_time,2019-10-28 22:16:19.983226,Duration,0:00:00.031999
Task,"(58, '2019-10-29T02:16:19.985225', {'digest': 'C38B226D489D312EE7FC940C42E5651046F8827AFF9D8226CF06BAFA6591B217'}, '0001dc1150007dafbe0d347a3708a75765bcc789b73aa4844b90e7c2bf8c7962', '000cb6c74f7eaaffedd407333a8e84bc4afae5dfa618a84e7fb5473f9b75144c', 3029, 'DB')",Start_time,2019-10-28 22:16:19.985225,End_time,2019-10-28 22:16:19.996257,Duration,0:00:00.011032
Task,"(59, '2019-10-29T02:16:19.997223', <LC.TB_data object at 0x000001BA37EDCE10>, '000710d9094fd4f60a9234862b90fe9fc7eb3f40cbf4d74cf2bcd8792feef6b9', '0001dc1150007dafbe0d347a3708a75765bcc789b73aa4844b90e7c2bf8c7962', 3173, 'TB')",Start_time,2019-10-28 22:16:19.997223,End_time,2019-10-28 22:16:20.007225,Duration,0:00:00.010002
Task,"(60, '2019-10-29T02:16:30.178649', 'Relative Genesis Block', '0006c344c4c32482f27f3bfa9a2cc921f5a258c1bd23106c0721cb86a9dba337', '000710d9094fd4f60a9234862b90fe9fc7eb3f40cbf4d74cf2bcd8792feef6b9', 8101, 'RGB')",Start_time,2019-10-28 22:16:30.178649,End_time,2019-10-28 22:16:30.214648,Duration,0:00:00.035999
Task,"(61, '2019-10-29T02:16:30.216650', {'digest': 'C38B226D489D312EE7FC940C42E5651046F8827AFF9D8226CF06BAFA6591B217'}, '0009ce440a0530473e3d3fc3004aa91af30221818309f14fef309497c865679c', '0006c344c4c32482f27f3bfa9a2cc921f5a258c1bd23106c0721cb86a9dba337', 9100, 'DB')",Start_time,2019-10-28 22:16:30.216650,End_time,2019-10-28 22:16:30.255186,Duration,0:00:00.038536
Task,"(62, '2019-10-29T02:16:30.256166', <LC.TB_data object at 0x000001BA37ED35F8>, '0003ad90f15e8553381fbf3d2f133d5d8835f0c9ecb38b72a1b9a78315b7b5e4', '0009ce440a0530473e3d3fc3004aa91af30221818309f14fef309497c865679c', 3001, 'TB')",Start_time,2019-10-28 22:16:30.256166,End_time,2019-10-28 22:16:30.265166,Duration,0:00:00.009000
Task,"(63, '2019-10-29T02:16:40.478570', 'Relative Genesis Block', '000c7269d6a9b82e6c2f0c70b06fd292a691927177a79ee49a0ffab29c64816b', '0003ad90f15e8553381fbf3d2f133d5d8835f0c9ecb38b72a1b9a78315b7b5e4', 3636, 'RGB')",Start_time,2019-10-28 22:16:40.478570,End_time,2019-10-28 22:16:40.492567,Duration,0:00:00.013997
Task,"(64, '2019-10-29T02:16:40.493567', {'digest': 'C38B226D489D312EE7FC940C42E5651046F8827AFF9D8226CF06BAFA6591B217'}, '000464f14658a2aadd2f0bbc84bd7385a8206bb4a2541dfe299993a48432ca03', '000c7269d6a9b82e6c2f0c70b06fd292a691927177a79ee49a0ffab29c64816b', 8926, 'DB')",Start_time,2019-10-28 22:16:40.493567,End_time,2019-10-28 22:16:40.525567,Duration,0:00:00.032000
Task,"(65, '2019-10-29T02:16:40.527572', <LC.TB_data object at 0x000001BA37ED3668>, '000faef4842a36311cbba61f51c6a209c59f1207c5ba0d0614ca71d0300f4085', '000464f14658a2aadd2f0bbc84bd7385a8206bb4a2541dfe299993a48432ca03', 1651, 'TB')",Start_time,2019-10-28 22:16:40.527572,End_time,2019-10-28 22:16:40.532568,Duration,0:00:00.004996
Task,"(66, '2019-10-29T02:16:50.693450', 'Relative Genesis Block', '0006ca8dd62edc97292500e8059b097eaf57aa160064cb430f7074dadef92274', '000faef4842a36311cbba61f51c6a209c59f1207c5ba0d0614ca71d0300f4085', 600, 'RGB')",Start_time,2019-10-28 22:16:50.693450,End_time,2019-10-28 22:16:50.695446,Duration,0:00:00.001996
Task,"(67, '2019-10-29T02:16:50.696446', {'digest': 'C38B226D489D312EE7FC940C42E5651046F8827AFF9D8226CF06BAFA6591B217'}, '0001189f67e1208e33420e883eeb6bf06b4386efcedaed642af05786a095cffb', '0006ca8dd62edc97292500e8059b097eaf57aa160064cb430f7074dadef92274', 1916, 'DB')",Start_time,2019-10-28 22:16:50.696446,End_time,2019-10-28 22:16:50.703573,Duration,0:00:00.007127
Task,"(68, '2019-10-29T02:16:50.704573', <LC.TB_data object at 0x000001BA37EB9E10>, '0008a88fb37c3c0d231bd8d541803d603f52fb0fd07a808b46326136d9fe7661', '0001189f67e1208e33420e883eeb6bf06b4386efcedaed642af05786a095cffb', 16671, 'TB')",Start_time,2019-10-28 22:16:50.704573,End_time,2019-10-28 22:16:50.749571,Duration,0:00:00.044998
Task,"(69, '2019-10-29T02:17:00.904055', 'Relative Genesis Block', '000008aae539b6e00928f5fc48795e581ae56ff761af4844f60a4c42aff0d2a6', '0008a88fb37c3c0d231bd8d541803d603f52fb0fd07a808b46326136d9fe7661', 923, 'RGB')",Start_time,2019-10-28 22:17:00.904055,End_time,2019-10-28 22:17:00.908101,Duration,0:00:00.004046
Task,"(70, '2019-10-29T02:17:00.909101', {'digest': 'C38B226D489D312EE7FC940C42E5651046F8827AFF9D8226CF06BAFA6591B217'}, '0006b48a99e59076e4434f31775ce7a5b880b14a36506d90a1c8a2b2e353d87a', '000008aae539b6e00928f5fc48795e581ae56ff761af4844f60a4c42aff0d2a6', 2848, 'DB')",Start_time,2019-10-28 22:17:00.909101,End_time,2019-10-28 22:17:00.918097,Duration,0:00:00.008996
Task,"(71, '2019-10-29T02:17:00.919097', <LC.TB_data object at 0x000001BA37EB96D8>, '0000449a940627b06ae1274b9bcb2ec69d3cc7cd34dd25b1b0f80e39fd5b461e', '0006b48a99e59076e4434f31775ce7a5b880b14a36506d90a1c8a2b2e353d87a', 1527, 'TB')",Start_time,2019-10-28 22:17:00.919097,End_time,2019-10-28 22:17:00.925103,Duration,0:00:00.006006
Task,"(72, '2019-10-29T02:17:11.092323', 'Relative Genesis Block', '000b4df42de2bcdcf269b8135783acc16f8f2e2ec5b22134d5b4aecb9e84e345', '0000449a940627b06ae1274b9bcb2ec69d3cc7cd34dd25b1b0f80e39fd5b461e', 13, 'RGB')",Start_time,2019-10-28 22:17:11.092323,End_time,2019-10-28 22:17:11.092323,Duration,0:00:00
Task,"(73, '2019-10-29T02:17:11.094322', {'digest': 'C38B226D489D312EE7FC940C42E5651046F8827AFF9D8226CF06BAFA6591B217'}, '0002412c9be3aa3970b3ca4aa9a8c2254d006b40b85e33a3ece71e9c87c8546d', '000b4df42de2bcdcf269b8135783acc16f8f2e2ec5b22134d5b4aecb9e84e345', 4026, 'DB')",Start_time,2019-10-28 22:17:11.094322,End_time,2019-10-28 22:17:11.111392,Duration,0:00:00.017070
Task,"(74, '2019-10-29T02:17:11.112356', <LC.TB_data object at 0x000001BA37E80400>, '000977683ab461c12cce77b77b4a33943213ff846d844ffd63f31b2b5ec45261', '0002412c9be3aa3970b3ca4aa9a8c2254d006b40b85e33a3ece71e9c87c8546d', 2256, 'TB')",Start_time,2019-10-28 22:17:11.112356,End_time,2019-10-28 22:17:11.120957,Duration,0:00:00.008601
Task,"(75, '2019-10-29T02:17:21.279951', 'Relative Genesis Block', '00002f7222aa70bcdfa29a58ee9c9a3d2b29675d8b0c3f199e311950f7698e8b', '000977683ab461c12cce77b77b4a33943213ff846d844ffd63f31b2b5ec45261', 7754, 'RGB')",Start_time,2019-10-28 22:17:21.279951,End_time,2019-10-28 22:17:21.308906,Duration,0:00:00.028955
Task,"(76, '2019-10-29T02:17:21.309898', {'digest': 'C38B226D489D312EE7FC940C42E5651046F8827AFF9D8226CF06BAFA6591B217'}, '000db01484c027f80cdf092aa8250816ae865e9eace5a1d4283e20e50742ac24', '00002f7222aa70bcdfa29a58ee9c9a3d2b29675d8b0c3f199e311950f7698e8b', 1054, 'DB')",Start_time,2019-10-28 22:17:21.309898,End_time,2019-10-28 22:17:21.313958,Duration,0:00:00.004060
Task,"(77, '2019-10-29T02:17:21.314933', <LC.TB_data object at 0x000001BA37EEA320>, '00069e16a0929ab135feb7ee08178c02937a9303740cef16d0368376b6e2cc94', '000db01484c027f80cdf092aa8250816ae865e9eace5a1d4283e20e50742ac24', 341, 'TB')",Start_time,2019-10-28 22:17:21.314933,End_time,2019-10-28 22:17:21.316490,Duration,0:00:00.001557
Task,"(78, '2019-10-29T02:17:31.483622', 'Relative Genesis Block', '0009b585a18414da61a5c84b5b02bb0fb5f7c49b5adff086a6cf0383eb3c0a0b', '00069e16a0929ab135feb7ee08178c02937a9303740cef16d0368376b6e2cc94', 4207, 'RGB')",Start_time,2019-10-28 22:17:31.483622,End_time,2019-10-28 22:17:31.495617,Duration,0:00:00.011995
Task,"(79, '2019-10-29T02:17:31.496618', {'digest': 'C38B226D489D312EE7FC940C42E5651046F8827AFF9D8226CF06BAFA6591B217'}, '000aeab27c9a667c62a162bfce14c840f24dab4e79f8a7212f088521e7052216', '0009b585a18414da61a5c84b5b02bb0fb5f7c49b5adff086a6cf0383eb3c0a0b', 454, 'DB')",Start_time,2019-10-28 22:17:31.496618,End_time,2019-10-28 22:17:31.497618,Duration,0:00:00.001000
Task,"(80, '2019-10-29T02:17:31.499646', <LC.TB_data object at 0x000001BA37EEA3C8>, '0004a6568b29ee879b2ecf2c3a0aeef228305f1b3c4a33ee8448347cc0e5767d', '000aeab27c9a667c62a162bfce14c840f24dab4e79f8a7212f088521e7052216', 6141, 'TB')",Start_time,2019-10-28 22:17:31.499646,End_time,2019-10-28 22:17:31.518620,Duration,0:00:00.018974
Task,"(81, '2019-10-29T02:17:41.715484', 'Relative Genesis Block', '0009484e02d59508fe918812e975db19041078587883681d6c51a6addfe1d13d', '0004a6568b29ee879b2ecf2c3a0aeef228305f1b3c4a33ee8448347cc0e5767d', 2854, 'RGB')",Start_time,2019-10-28 22:17:41.715484,End_time,2019-10-28 22:17:41.725482,Duration,0:00:00.009998
Task,"(82, '2019-10-29T02:17:41.727484', {'digest': 'C38B226D489D312EE7FC940C42E5651046F8827AFF9D8226CF06BAFA6591B217'}, '0000a764aa82aada5f763db913f7857067732ab50ca33c560802e9c3049b3ad8', '0009484e02d59508fe918812e975db19041078587883681d6c51a6addfe1d13d', 1587, 'DB')",Start_time,2019-10-28 22:17:41.727484,End_time,2019-10-28 22:17:41.732482,Duration,0:00:00.004998
Task,"(83, '2019-10-29T02:17:41.733483', <LC.TB_data object at 0x000001BA37EEA0F0>, '00086837276ee17c170d2a12f552c48cdd10d6f69764f6d8166e685cc87c493b', '0000a764aa82aada5f763db913f7857067732ab50ca33c560802e9c3049b3ad8', 1010, 'TB')",Start_time,2019-10-28 22:17:41.733483,End_time,2019-10-28 22:17:41.736482,Duration,0:00:00.002999
Task,"(84, '2019-10-29T02:17:51.918549', 'Relative Genesis Block', '000bb7d3dea8c1b11d64a70ec072164a7a55b42b5a9119cc64284b68e0fd0d46', '00086837276ee17c170d2a12f552c48cdd10d6f69764f6d8166e685cc87c493b', 8405, 'RGB')",Start_time,2019-10-28 22:17:51.918549,End_time,2019-10-28 22:17:51.949547,Duration,0:00:00.030998
Task,"(85, '2019-10-29T02:17:51.950548', {'digest': 'C38B226D489D312EE7FC940C42E5651046F8827AFF9D8226CF06BAFA6591B217'}, '0006fe7e65b035e340ede19f45f258cfb2296302976d801f84ea2a4963c8eac1', '000bb7d3dea8c1b11d64a70ec072164a7a55b42b5a9119cc64284b68e0fd0d46', 544, 'DB')",Start_time,2019-10-28 22:17:51.950548,End_time,2019-10-28 22:17:51.953550,Duration,0:00:00.003002
Task,"(86, '2019-10-29T02:17:51.954548', <LC.TB_data object at 0x000001BA37EEA9B0>, '0000c8726232e58fb887ffb5a1b191e67c0d7792674ce875d5d0d5306cadd6ea', '0006fe7e65b035e340ede19f45f258cfb2296302976d801f84ea2a4963c8eac1', 831, 'TB')",Start_time,2019-10-28 22:17:51.954548,End_time,2019-10-28 22:17:51.958550,Duration,0:00:00.004002
Task,"(87, '2019-10-29T02:18:02.472754', 'Relative Genesis Block', '000624783dc44ea060af422e6a2894885bfd73357a2bf87ac96ac5efecf5a698', '0000c8726232e58fb887ffb5a1b191e67c0d7792674ce875d5d0d5306cadd6ea', 1313, 'RGB')",Start_time,2019-10-28 22:18:02.472754,End_time,2019-10-28 22:18:02.520824,Duration,0:00:00.048070
Task,"(88, '2019-10-29T02:18:02.709824', {'digest': 'C38B226D489D312EE7FC940C42E5651046F8827AFF9D8226CF06BAFA6591B217'}, '000fa826c5a3789afe90baaec54451060c073b3f756beb95f4c1a58157d2e6b8', '000624783dc44ea060af422e6a2894885bfd73357a2bf87ac96ac5efecf5a698', 3339, 'DB')",Start_time,2019-10-28 22:18:02.709824,End_time,2019-10-28 22:18:02.729825,Duration,0:00:00.020001
Task,"(89, '2019-10-29T02:18:02.765826', <LC.TB_data object at 0x000001BA37EFA2E8>, '00015054f8dd6751f93b3d0edaee0edd418708effdfea092e2c83257990a7c68', '000fa826c5a3789afe90baaec54451060c073b3f756beb95f4c1a58157d2e6b8', 1111, 'TB')",Start_time,2019-10-28 22:18:02.765826,End_time,2019-10-28 22:18:02.788825,Duration,0:00:00.022999
Task,"(90, '2019-10-29T02:18:13.292863', 'Relative Genesis Block', '000b889d06f43dd55a55cf46549cefc749815053eb0bdc27b7447fd4ce6e4d4c', '00015054f8dd6751f93b3d0edaee0edd418708effdfea092e2c83257990a7c68', 582, 'RGB')",Start_time,2019-10-28 22:18:13.292863,End_time,2019-10-28 22:18:13.294826,Duration,0:00:00.001963
Task,"(91, '2019-10-29T02:18:13.295827', {'digest': 'C38B226D489D312EE7FC940C42E5651046F8827AFF9D8226CF06BAFA6591B217'}, '0000ba0ec2a82ea0b3d0e23bc99771ba16f04f1ab5a8ab9167226470c8131042', '000b889d06f43dd55a55cf46549cefc749815053eb0bdc27b7447fd4ce6e4d4c', 1682, 'DB')",Start_time,2019-10-28 22:18:13.295827,End_time,2019-10-28 22:18:13.302825,Duration,0:00:00.006998
Task,"(92, '2019-10-29T02:18:13.303828', <LC.TB_data object at 0x000001BA37EFA358>, '00009a77516d055209486b6d84b6f3519000b9cb15f669016b7c47e7ce3e03a8', '0000ba0ec2a82ea0b3d0e23bc99771ba16f04f1ab5a8ab9167226470c8131042', 1984, 'TB')",Start_time,2019-10-28 22:18:13.303828,End_time,2019-10-28 22:18:13.310830,Duration,0:00:00.007002
Task,"(93, '2019-10-29T02:18:23.539824', 'Relative Genesis Block', '0002b54db3e00e49b08472913abf46443a6abbda713630b543544bf7bea2fdf1', '00009a77516d055209486b6d84b6f3519000b9cb15f669016b7c47e7ce3e03a8', 250, 'RGB')",Start_time,2019-10-28 22:18:23.539824,End_time,2019-10-28 22:18:23.539824,Duration,0:00:00
Task,"(94, '2019-10-29T02:18:23.540825', {'digest': 'C38B226D489D312EE7FC940C42E5651046F8827AFF9D8226CF06BAFA6591B217'}, '000f0426aa0763cca801c3c8fc870598d3801b19d78eca378df602e081e139b1', '0002b54db3e00e49b08472913abf46443a6abbda713630b543544bf7bea2fdf1', 2117, 'DB')",Start_time,2019-10-28 22:18:23.540825,End_time,2019-10-28 22:18:23.550830,Duration,0:00:00.010005
Task,"(95, '2019-10-29T02:18:23.551830', <LC.TB_data object at 0x000001BA37EFADD8>, '000df05c680436db5211aef26f3bce43beb53c01f218161e4773e9d25897d3a8', '000f0426aa0763cca801c3c8fc870598d3801b19d78eca378df602e081e139b1', 499, 'TB')",Start_time,2019-10-28 22:18:23.551830,End_time,2019-10-28 22:18:23.553825,Duration,0:00:00.001995
Task,"(96, '2019-10-29T02:18:33.835825', 'Relative Genesis Block', '000a007bc709e60cdf55e1bcf3fbf448075712c0b4c8f60a19ffcc88ab9a1ea9', '000df05c680436db5211aef26f3bce43beb53c01f218161e4773e9d25897d3a8', 8020, 'RGB')",Start_time,2019-10-28 22:18:33.835825,End_time,2019-10-28 22:18:33.865830,Duration,0:00:00.030005
Task,"(97, '2019-10-29T02:18:33.867873', {'digest': 'C38B226D489D312EE7FC940C42E5651046F8827AFF9D8226CF06BAFA6591B217'}, '000464d2917c2ae94b0a42c44d22a3f36f83e60e55cade89df39800ff5cb3223', '000a007bc709e60cdf55e1bcf3fbf448075712c0b4c8f60a19ffcc88ab9a1ea9', 13980, 'DB')",Start_time,2019-10-28 22:18:33.867873,End_time,2019-10-28 22:18:33.899857,Duration,0:00:00.031984
Task,"(98, '2019-10-29T02:18:33.900864', <LC.TB_data object at 0x000001BA37EFAFD0>, '000dde60eaa129280c77f4bd15a7980a829c8738dfa34fbb6fc58c952ad7ed63', '000464d2917c2ae94b0a42c44d22a3f36f83e60e55cade89df39800ff5cb3223', 1641, 'TB')",Start_time,2019-10-28 22:18:33.900864,End_time,2019-10-28 22:18:33.903822,Duration,0:00:00.002958
Task,"(99, '2019-10-29T02:18:44.228826', 'Relative Genesis Block', '000bc89db0e3f4054210915c6cd987d4eabaabd3a0f57fb1746390aa90c1bb28', '000dde60eaa129280c77f4bd15a7980a829c8738dfa34fbb6fc58c952ad7ed63', 898, 'RGB')",Start_time,2019-10-28 22:18:44.228826,End_time,2019-10-28 22:18:44.231861,Duration,0:00:00.003035
Task,"(100, '2019-10-29T02:18:44.234829', {'digest': 'C38B226D489D312EE7FC940C42E5651046F8827AFF9D8226CF06BAFA6591B217'}, '0003666862c93a50b65a726194d22acd84a4e5b68a6257e9d71750b882bbdcb7', '000bc89db0e3f4054210915c6cd987d4eabaabd3a0f57fb1746390aa90c1bb28', 4718, 'DB')",Start_time,2019-10-28 22:18:44.234829,End_time,2019-10-28 22:18:44.257829,Duration,0:00:00.023000
Task,"(101, '2019-10-29T02:18:44.257829', <LC.TB_data object at 0x000001BA37F013C8>, '0005bfd45483390db3e85836de411c6855a2976fede716802d1e156dc5ed9730', '0003666862c93a50b65a726194d22acd84a4e5b68a6257e9d71750b882bbdcb7', 7942, 'TB')",Start_time,2019-10-28 22:18:44.257829,End_time,2019-10-28 22:18:44.279859,Duration,0:00:00.022030
Task,"(102, '2019-10-29T02:18:54.563548', 'Relative Genesis Block', '00082a72388870547441b3734b1005c8799c9a1843c3dde67e94d4e4589c9a5f', '0005bfd45483390db3e85836de411c6855a2976fede716802d1e156dc5ed9730', 1903, 'RGB')",Start_time,2019-10-28 22:18:54.563548,End_time,2019-10-28 22:18:54.570549,Duration,0:00:00.007001
Task,"(103, '2019-10-29T02:18:54.572547', {'digest': 'C38B226D489D312EE7FC940C42E5651046F8827AFF9D8226CF06BAFA6591B217'}, '000dc4ff97fa9ed061e7853c07411f752bd8615db81d29d988eeae055d617a54', '00082a72388870547441b3734b1005c8799c9a1843c3dde67e94d4e4589c9a5f', 1388, 'DB')",Start_time,2019-10-28 22:18:54.572547,End_time,2019-10-28 22:18:54.577548,Duration,0:00:00.005001
Task,"(104, '2019-10-29T02:18:54.582550', <LC.TB_data object at 0x000001BA37F01438>, '0004165c4e2384fcc291275a4b30d19ea1c3779116d9f4e74a73e207f25d0b32', '000dc4ff97fa9ed061e7853c07411f752bd8615db81d29d988eeae055d617a54', 1250, 'TB')",Start_time,2019-10-28 22:18:54.582550,End_time,2019-10-28 22:18:54.588547,Duration,0:00:00.005997
Task,"(105, '2019-10-29T02:19:04.825878', 'Relative Genesis Block', '0002c28fa2c397f1a30fd807f0d8078e5c6d58f360adbb706e03d7fecd5c82b1', '0004165c4e2384fcc291275a4b30d19ea1c3779116d9f4e74a73e207f25d0b32', 845, 'RGB')",Start_time,2019-10-28 22:19:04.825878,End_time,2019-10-28 22:19:04.830915,Duration,0:00:00.005037
Task,"(106, '2019-10-29T02:19:04.831881', {'digest': 'C38B226D489D312EE7FC940C42E5651046F8827AFF9D8226CF06BAFA6591B217'}, '00095649ac0c28212d3cd4481a87788afae19a0c0a1cceaaeeaba9d074127add', '0002c28fa2c397f1a30fd807f0d8078e5c6d58f360adbb706e03d7fecd5c82b1', 7372, 'DB')",Start_time,2019-10-28 22:19:04.831881,End_time,2019-10-28 22:19:04.855874,Duration,0:00:00.023993
Task,"(107, '2019-10-29T02:19:04.856877', <LC.TB_data object at 0x000001BA37F01EB8>, '0007f46097434148b7d1d0e933c0a86931337b6e77116d17443730e94ae8a1b5', '00095649ac0c28212d3cd4481a87788afae19a0c0a1cceaaeeaba9d074127add', 5985, 'TB')",Start_time,2019-10-28 22:19:04.856877,End_time,2019-10-28 22:19:04.881912,Duration,0:00:00.025035
Task,"(108, '2019-10-29T02:19:15.194534', 'Relative Genesis Block', '0009e4b69e6eed056c9dfabe6e61a98a4d390b5a600b7d230b6d3145d5143307', '0007f46097434148b7d1d0e933c0a86931337b6e77116d17443730e94ae8a1b5', 3307, 'RGB')",Start_time,2019-10-28 22:19:15.194534,End_time,2019-10-28 22:19:15.204533,Duration,0:00:00.009999
Task,"(109, '2019-10-29T02:19:15.205532', {'digest': 'C38B226D489D312EE7FC940C42E5651046F8827AFF9D8226CF06BAFA6591B217'}, '00070a4afd651f6ccc9b9cfa3ecd9427a902f6f7418caa9f22761c3c48250e47', '0009e4b69e6eed056c9dfabe6e61a98a4d390b5a600b7d230b6d3145d5143307', 4124, 'DB')",Start_time,2019-10-28 22:19:15.205532,End_time,2019-10-28 22:19:15.217530,Duration,0:00:00.011998
Task,"(110, '2019-10-29T02:19:15.218533', <LC.TB_data object at 0x000001BA37F01DA0>, '0007e2ba90017ae7427d471eebff2622941ed8665317f8796ca1f4506176ca88', '00070a4afd651f6ccc9b9cfa3ecd9427a902f6f7418caa9f22761c3c48250e47', 3088, 'TB')",Start_time,2019-10-28 22:19:15.218533,End_time,2019-10-28 22:19:15.225528,Duration,0:00:00.006995
Task,"(111, '2019-10-29T02:19:25.746692', 'Relative Genesis Block', '0009ec5254cc278f7dd365c593b41b722819fa71823b5546781cf66a48b851e6', '0007e2ba90017ae7427d471eebff2622941ed8665317f8796ca1f4506176ca88', 120, 'RGB')",Start_time,2019-10-28 22:19:25.746692,End_time,2019-10-28 22:19:25.746692,Duration,0:00:00
Task,"(112, '2019-10-29T02:19:25.747699', {'digest': 'C38B226D489D312EE7FC940C42E5651046F8827AFF9D8226CF06BAFA6591B217'}, '000740100e7b2deb62e5e16776624068a944da1b9ce2e3cfccd6c9722f96569a', '0009ec5254cc278f7dd365c593b41b722819fa71823b5546781cf66a48b851e6', 7979, 'DB')",Start_time,2019-10-28 22:19:25.747699,End_time,2019-10-28 22:19:25.787727,Duration,0:00:00.040028
Task,"(113, '2019-10-29T02:19:25.788728', <LC.TB_data object at 0x000001BA37EFAD30>, '000ccff85d4dd12b62ea8022b68a0e13e7dab00f10a5b783449b882cd074220e', '000740100e7b2deb62e5e16776624068a944da1b9ce2e3cfccd6c9722f96569a', 7633, 'TB')",Start_time,2019-10-28 22:19:25.788728,End_time,2019-10-28 22:19:25.811730,Duration,0:00:00.023002
Task,"(114, '2019-10-29T02:19:35.980693', 'Relative Genesis Block', '0008d85492ecfef617e759937c45cf0f58eb1a099607ec81a18f24fb0f65dd28', '000ccff85d4dd12b62ea8022b68a0e13e7dab00f10a5b783449b882cd074220e', 3951, 'RGB')",Start_time,2019-10-28 22:19:35.980693,End_time,2019-10-28 22:19:35.995693,Duration,0:00:00.015000
Task,"(115, '2019-10-29T02:19:35.996696', {'digest': 'C38B226D489D312EE7FC940C42E5651046F8827AFF9D8226CF06BAFA6591B217'}, '000e4a67c394e4f8b57f634b9ffef47a12d9f4efaa2eb66ceaa2e7b7a6cf813b', '0008d85492ecfef617e759937c45cf0f58eb1a099607ec81a18f24fb0f65dd28', 7990, 'DB')",Start_time,2019-10-28 22:19:35.996696,End_time,2019-10-28 22:19:36.034691,Duration,0:00:00.037995
Task,"(116, '2019-10-29T02:19:36.035695', <LC.TB_data object at 0x000001BA37EFA6D8>, '000f4dde24ba7ca9a46222690bf7c108aad8e721653c2dc92dff2117b4e600b7', '000e4a67c394e4f8b57f634b9ffef47a12d9f4efaa2eb66ceaa2e7b7a6cf813b', 2853, 'TB')",Start_time,2019-10-28 22:19:36.035695,End_time,2019-10-28 22:19:36.042690,Duration,0:00:00.006995
Task,"(117, '2019-10-29T02:19:46.206874', 'Relative Genesis Block', '000e55cc6b13829da3d0a7a1ed9d9d8749255e2623387a1832866a1319ba4543', '000f4dde24ba7ca9a46222690bf7c108aad8e721653c2dc92dff2117b4e600b7', 751, 'RGB')",Start_time,2019-10-28 22:19:46.206874,End_time,2019-10-28 22:19:46.208878,Duration,0:00:00.002004
Task,"(118, '2019-10-29T02:19:46.209874', {'digest': 'C38B226D489D312EE7FC940C42E5651046F8827AFF9D8226CF06BAFA6591B217'}, '0009303afe59b9310156e0758f7358c7abcfd1286a5efcd76338d2829cbc08e9', '000e55cc6b13829da3d0a7a1ed9d9d8749255e2623387a1832866a1319ba4543', 831, 'DB')",Start_time,2019-10-28 22:19:46.209874,End_time,2019-10-28 22:19:46.212874,Duration,0:00:00.003000
Task,"(119, '2019-10-29T02:19:46.213873', <LC.TB_data object at 0x000001BA37EFABA8>, '0008ff0b6080a68a868fd3a564ce84c8967f888d21a8343dee4441b5eb655fe0', '0009303afe59b9310156e0758f7358c7abcfd1286a5efcd76338d2829cbc08e9', 5264, 'TB')",Start_time,2019-10-28 22:19:46.213873,End_time,2019-10-28 22:19:46.234878,Duration,0:00:00.021005
Task,"(120, '2019-10-29T02:19:56.398431', 'Relative Genesis Block', '00087751781563437ee8b6ea8ec79e30abac77a19dfb9edc1de2bdeaaadc1b7a', '0008ff0b6080a68a868fd3a564ce84c8967f888d21a8343dee4441b5eb655fe0', 1320, 'RGB')",Start_time,2019-10-28 22:19:56.398431,End_time,2019-10-28 22:19:56.403413,Duration,0:00:00.004982
Task,"(121, '2019-10-29T02:19:56.404416', {'digest': 'C38B226D489D312EE7FC940C42E5651046F8827AFF9D8226CF06BAFA6591B217'}, '000c04adbc0979cb8107d6004c13d33a50f4f8840a3f9acf9ebb271c2f82eb94', '00087751781563437ee8b6ea8ec79e30abac77a19dfb9edc1de2bdeaaadc1b7a', 15119, 'DB')",Start_time,2019-10-28 22:19:56.404416,End_time,2019-10-28 22:19:56.451443,Duration,0:00:00.047027
Task,"(122, '2019-10-29T02:19:56.452407', <LC.TB_data object at 0x000001BA37EEA278>, '000e11d9d11f0a282fa0c6eff94e60ed0f8b8a4f305e11e041931894f5add7ce', '000c04adbc0979cb8107d6004c13d33a50f4f8840a3f9acf9ebb271c2f82eb94', 973, 'TB')",Start_time,2019-10-28 22:19:56.452407,End_time,2019-10-28 22:19:56.454443,Duration,0:00:00.002036
Task,"(123, '2019-10-29T02:20:06.619410', 'Relative Genesis Block', '000796e49482eca6458e7a4f376d46d2f213df58478f009d42f1a5212fd7655c', '000e11d9d11f0a282fa0c6eff94e60ed0f8b8a4f305e11e041931894f5add7ce', 2137, 'RGB')",Start_time,2019-10-28 22:20:06.619410,End_time,2019-10-28 22:20:06.628409,Duration,0:00:00.008999
Task,"(124, '2019-10-29T02:20:06.629408', {'digest': 'C38B226D489D312EE7FC940C42E5651046F8827AFF9D8226CF06BAFA6591B217'}, '000820baff7aa46a59f71b817b9d98f4fc68da50f71e28c986eab2e8ec6412ec', '000796e49482eca6458e7a4f376d46d2f213df58478f009d42f1a5212fd7655c', 22361, 'DB')",Start_time,2019-10-28 22:20:06.629408,End_time,2019-10-28 22:20:06.727406,Duration,0:00:00.097998
Task,"(125, '2019-10-29T02:20:06.728406', <LC.TB_data object at 0x000001BA37EEAEF0>, '000e6275bed0583ddccaeea1adf17096206e59f94cb497fd4318ffba5fd72e23', '000820baff7aa46a59f71b817b9d98f4fc68da50f71e28c986eab2e8ec6412ec', 4, 'TB')",Start_time,2019-10-28 22:20:06.728406,End_time,2019-10-28 22:20:06.728406,Duration,0:00:00
Task,"(126, '2019-10-29T02:20:16.885411', 'Relative Genesis Block', '00045a90b30cb020272bd9f5380a08e652105c9579fb6b907c421a0b00e7fa93', '000e6275bed0583ddccaeea1adf17096206e59f94cb497fd4318ffba5fd72e23', 5406, 'RGB')",Start_time,2019-10-28 22:20:16.885411,End_time,2019-10-28 22:20:16.905408,Duration,0:00:00.019997
Task,"(127, '2019-10-29T02:20:16.906406', {'digest': 'C38B226D489D312EE7FC940C42E5651046F8827AFF9D8226CF06BAFA6591B217'}, '00090169b3fd9cb9b6a4779395953496d44fb7b033c361953047c8e47ed62a6b', '00045a90b30cb020272bd9f5380a08e652105c9579fb6b907c421a0b00e7fa93', 7382, 'DB')",Start_time,2019-10-28 22:20:16.906406,End_time,2019-10-28 22:20:16.936431,Duration,0:00:00.030025
Task,"(128, '2019-10-29T02:20:16.937411', <LC.TB_data object at 0x000001BA37EEA390>, '0009be919ffb6ef3c416b0c9cf9e0f08bc83f3e28232a15cf19b1005f6537f25', '00090169b3fd9cb9b6a4779395953496d44fb7b033c361953047c8e47ed62a6b', 137, 'TB')",Start_time,2019-10-28 22:20:16.937411,End_time,2019-10-28 22:20:16.937411,Duration,0:00:00
Task,"(129, '2019-10-29T02:20:27.106963', 'Relative Genesis Block', '000e30202a4b8c543c8b29f7c633b1a259714daf3944ad0225122d3a6e7140af', '0009be919ffb6ef3c416b0c9cf9e0f08bc83f3e28232a15cf19b1005f6537f25', 18, 'RGB')",Start_time,2019-10-28 22:20:27.106963,End_time,2019-10-28 22:20:27.106963,Duration,0:00:00
Task,"(130, '2019-10-29T02:20:27.108961', {'digest': 'C38B226D489D312EE7FC940C42E5651046F8827AFF9D8226CF06BAFA6591B217'}, '000551b8b772ce3072bfa7d5d4032c2c2b0edcca23c29fe402a692063c44ce78', '000e30202a4b8c543c8b29f7c633b1a259714daf3944ad0225122d3a6e7140af', 167, 'DB')",Start_time,2019-10-28 22:20:27.108961,End_time,2019-10-28 22:20:27.108961,Duration,0:00:00
Task,"(131, '2019-10-29T02:20:27.110964', <LC.TB_data object at 0x000001BA37EB9B70>, '000ec84df9c58d55bea07ca2bb7a74c772db5e0e3f4ff2b972ce3460f10a07b4', '000551b8b772ce3072bfa7d5d4032c2c2b0edcca23c29fe402a692063c44ce78', 5196, 'TB')",Start_time,2019-10-28 22:20:27.110964,End_time,2019-10-28 22:20:27.131003,Duration,0:00:00.020039
Task,"(132, '2019-10-29T02:20:37.305454', 'Relative Genesis Block', '000de3db0c5d94953bb9edaad3ae65a3580085f91ac8299b970445695e2ae175', '000ec84df9c58d55bea07ca2bb7a74c772db5e0e3f4ff2b972ce3460f10a07b4', 214, 'RGB')",Start_time,2019-10-28 22:20:37.305454,End_time,2019-10-28 22:20:37.306451,Duration,0:00:00.000997
Task,"(133, '2019-10-29T02:20:37.307451', {'digest': 'C38B226D489D312EE7FC940C42E5651046F8827AFF9D8226CF06BAFA6591B217'}, '0009e71b8d5a14dc1b92634cd64931b9dedfe467a59d4b023352a21378e1d9ba', '000de3db0c5d94953bb9edaad3ae65a3580085f91ac8299b970445695e2ae175', 1126, 'DB')",Start_time,2019-10-28 22:20:37.307451,End_time,2019-10-28 22:20:37.313455,Duration,0:00:00.006004
Task,"(134, '2019-10-29T02:20:37.314453', <LC.TB_data object at 0x000001BA37ED3F60>, '0004c9ea207bcc896f8c7e42685433f6ac6a2f077a6e1ea0add1f1ad56756469', '0009e71b8d5a14dc1b92634cd64931b9dedfe467a59d4b023352a21378e1d9ba', 3069, 'TB')",Start_time,2019-10-28 22:20:37.314453,End_time,2019-10-28 22:20:37.324456,Duration,0:00:00.010003
Task,"(135, '2019-10-29T02:20:47.487456', 'Relative Genesis Block', '0000638dfe8aa3b9f0d8df2fb22e32ebac9b2aade7fce8374f62bcb8f29ee780', '0004c9ea207bcc896f8c7e42685433f6ac6a2f077a6e1ea0add1f1ad56756469', 1839, 'RGB')",Start_time,2019-10-28 22:20:47.487456,End_time,2019-10-28 22:20:47.495451,Duration,0:00:00.007995
Task,"(136, '2019-10-29T02:20:47.496453', {'digest': 'C38B226D489D312EE7FC940C42E5651046F8827AFF9D8226CF06BAFA6591B217'}, '000824f362a554b4ff9e8f74b0b06afd2eabbae05356a8295e0363854228d58e', '0000638dfe8aa3b9f0d8df2fb22e32ebac9b2aade7fce8374f62bcb8f29ee780', 8101, 'DB')",Start_time,2019-10-28 22:20:47.496453,End_time,2019-10-28 22:20:47.525486,Duration,0:00:00.029033
Task,"(137, '2019-10-29T02:20:47.526449', <LC.TB_data object at 0x000001BA37ED36D8>, '0003ba8842ed19ba217468ca9cf1259817191058f26b93722a6eb6fa783cfdfa', '000824f362a554b4ff9e8f74b0b06afd2eabbae05356a8295e0363854228d58e', 1122, 'TB')",Start_time,2019-10-28 22:20:47.526449,End_time,2019-10-28 22:20:47.530477,Duration,0:00:00.004028
Task,"(138, '2019-10-29T02:20:57.713940', 'Relative Genesis Block', '00051b7ac9a0f2a761d67efb8d7d10516631d18eb3804d75229688432627167b', '0003ba8842ed19ba217468ca9cf1259817191058f26b93722a6eb6fa783cfdfa', 16761, 'RGB')",Start_time,2019-10-28 22:20:57.713940,End_time,2019-10-28 22:20:57.774940,Duration,0:00:00.061000
Task,"(139, '2019-10-29T02:20:57.775944', {'digest': 'C38B226D489D312EE7FC940C42E5651046F8827AFF9D8226CF06BAFA6591B217'}, '000bb8bca3eb79309101c9a408359efaebe4e425e0cc742ff9f897b084ead96b', '00051b7ac9a0f2a761d67efb8d7d10516631d18eb3804d75229688432627167b', 15236, 'DB')",Start_time,2019-10-28 22:20:57.775944,End_time,2019-10-28 22:20:57.812939,Duration,0:00:00.036995
Task,"(140, '2019-10-29T02:20:57.814942', <LC.TB_data object at 0x000001BA37EDCC18>, '00048bf52c0eb0fc8b2e2348ba8c71b2318d28691f4adc37e10b4dbef546d27b', '000bb8bca3eb79309101c9a408359efaebe4e425e0cc742ff9f897b084ead96b', 685, 'TB')",Start_time,2019-10-28 22:20:57.814942,End_time,2019-10-28 22:20:57.815974,Duration,0:00:00.001032
Task,"(141, '2019-10-29T02:21:07.978948', 'Relative Genesis Block', '0007c9fac43f8dba9a1e918630db0db19b95622876b8082fb9a656d33c831a13', '00048bf52c0eb0fc8b2e2348ba8c71b2318d28691f4adc37e10b4dbef546d27b', 2971, 'RGB')",Start_time,2019-10-28 22:21:07.978948,End_time,2019-10-28 22:21:07.990975,Duration,0:00:00.012027
Task,"(142, '2019-10-29T02:21:07.991957', {'digest': 'C38B226D489D312EE7FC940C42E5651046F8827AFF9D8226CF06BAFA6591B217'}, '0004a6703fec1d30d557af58b900fedda2194b9fb6c94a33ab2f98147ff99d23', '0007c9fac43f8dba9a1e918630db0db19b95622876b8082fb9a656d33c831a13', 5144, 'DB')",Start_time,2019-10-28 22:21:07.991957,End_time,2019-10-28 22:21:08.008940,Duration,0:00:00.016983
Task,"(143, '2019-10-29T02:21:08.009943', <LC.TB_data object at 0x000001BA37EE55F8>, '0005d293daa9130580aac060357cab79e8a368bef98309eb65da7b948dad8710', '0004a6703fec1d30d557af58b900fedda2194b9fb6c94a33ab2f98147ff99d23', 1159, 'TB')",Start_time,2019-10-28 22:21:08.009943,End_time,2019-10-28 22:21:08.015941,Duration,0:00:00.005998
Task,"(144, '2019-10-29T02:21:18.200940', 'Relative Genesis Block', '0009aa8dfea100b83680b3db2a4dca47a7fd6acf85004bee4d54f46de2e87729', '0005d293daa9130580aac060357cab79e8a368bef98309eb65da7b948dad8710', 1513, 'RGB')",Start_time,2019-10-28 22:21:18.200940,End_time,2019-10-28 22:21:18.205940,Duration,0:00:00.005000
Task,"(145, '2019-10-29T02:21:18.207943', {'digest': 'C38B226D489D312EE7FC940C42E5651046F8827AFF9D8226CF06BAFA6591B217'}, '000d653b6578446aa42d53a1084148c74d98969a4b1f1ce0ba8044115ba23540', '0009aa8dfea100b83680b3db2a4dca47a7fd6acf85004bee4d54f46de2e87729', 3395, 'DB')",Start_time,2019-10-28 22:21:18.207943,End_time,2019-10-28 22:21:18.224942,Duration,0:00:00.016999
Task,"(146, '2019-10-29T02:21:18.225940', <LC.TB_data object at 0x000001BA37EE54A8>, '0004de73ed1a63bd19493d87abacd2190728ed236b379361f15e6efbc2b1f3bc', '000d653b6578446aa42d53a1084148c74d98969a4b1f1ce0ba8044115ba23540', 1818, 'TB')",Start_time,2019-10-28 22:21:18.225940,End_time,2019-10-28 22:21:18.235938,Duration,0:00:00.009998
Task,"(147, '2019-10-29T02:21:28.401941', 'Relative Genesis Block', '000fc5b0ad6d96491cfa5e63607209df6a6e7dd84b4700f205549542c8ca2cbc', '0004de73ed1a63bd19493d87abacd2190728ed236b379361f15e6efbc2b1f3bc', 1370, 'RGB')",Start_time,2019-10-28 22:21:28.401941,End_time,2019-10-28 22:21:28.407939,Duration,0:00:00.005998
Task,"(148, '2019-10-29T02:21:28.409940', {'digest': 'C38B226D489D312EE7FC940C42E5651046F8827AFF9D8226CF06BAFA6591B217'}, '000efea65215d8342b11fa2951d8284017bf78478b579025f7edd5154af4eaf1', '000fc5b0ad6d96491cfa5e63607209df6a6e7dd84b4700f205549542c8ca2cbc', 1092, 'DB')",Start_time,2019-10-28 22:21:28.409940,End_time,2019-10-28 22:21:28.412938,Duration,0:00:00.002998
Task,"(149, '2019-10-29T02:21:28.414943', <LC.TB_data object at 0x000001BA37F0A048>, '000a2b778e5b170175db157e54e9fc5debae3135a385db1589b20db43a9ca7f7', '000efea65215d8342b11fa2951d8284017bf78478b579025f7edd5154af4eaf1', 11874, 'TB')",Start_time,2019-10-28 22:21:28.414943,End_time,2019-10-28 22:21:28.455973,Duration,0:00:00.041030
Task,"(150, '2019-10-29T02:21:38.672430', 'Relative Genesis Block', '00061268f6a6c36b7c05469c117f76ae69e0fb5580e21bb1987460d077d53444', '000a2b778e5b170175db157e54e9fc5debae3135a385db1589b20db43a9ca7f7', 342, 'RGB')",Start_time,2019-10-28 22:21:38.672430,End_time,2019-10-28 22:21:38.673423,Duration,0:00:00.000993
Task,"(151, '2019-10-29T02:21:38.675424', {'digest': 'C38B226D489D312EE7FC940C42E5651046F8827AFF9D8226CF06BAFA6591B217'}, '0000de6bb7846186e531cc28e6f095b25cf0c4a3c3a1076b68cb1e0c42f3431d', '00061268f6a6c36b7c05469c117f76ae69e0fb5580e21bb1987460d077d53444', 1995, 'DB')",Start_time,2019-10-28 22:21:38.675424,End_time,2019-10-28 22:21:38.691420,Duration,0:00:00.015996
Task,"(152, '2019-10-29T02:21:38.695441', <LC.TB_data object at 0x000001BA37F0A160>, '000619db3c5537732a5893096225846f4b0ea5fb207fc8a51f7678d6fd9e5f2a', '0000de6bb7846186e531cc28e6f095b25cf0c4a3c3a1076b68cb1e0c42f3431d', 2340, 'TB')",Start_time,2019-10-28 22:21:38.695441,End_time,2019-10-28 22:21:38.701454,Duration,0:00:00.006013
Task,"(153, '2019-10-29T02:21:48.910644', 'Relative Genesis Block', '0004a2021a42f9d642a90b398ec87b273e8fb9f7ba47581cab6d49957810b150', '000619db3c5537732a5893096225846f4b0ea5fb207fc8a51f7678d6fd9e5f2a', 873, 'RGB')",Start_time,2019-10-28 22:21:48.910644,End_time,2019-10-28 22:21:48.913675,Duration,0:00:00.003031
Task,"(154, '2019-10-29T02:21:48.914639', {'digest': 'C38B226D489D312EE7FC940C42E5651046F8827AFF9D8226CF06BAFA6591B217'}, '000ee9a7a9fc0228b605c12215f0c9dddf18c2673e7c8fe09c2848be52086076', '0004a2021a42f9d642a90b398ec87b273e8fb9f7ba47581cab6d49957810b150', 1690, 'DB')",Start_time,2019-10-28 22:21:48.914639,End_time,2019-10-28 22:21:48.924652,Duration,0:00:00.010013
Task,"(155, '2019-10-29T02:21:48.927641', <LC.TB_data object at 0x000001BA37F0ADA0>, '0003b840bdc013b9389f2c192198d7e56b6cdccfa3c7aff15888cd6a77f919ce', '000ee9a7a9fc0228b605c12215f0c9dddf18c2673e7c8fe09c2848be52086076', 3226, 'TB')",Start_time,2019-10-28 22:21:48.927641,End_time,2019-10-28 22:21:48.941673,Duration,0:00:00.014032
Task,"(156, '2019-10-29T02:21:59.161638', 'Relative Genesis Block', '000545841233f9ea0f27511698e69392a7cbe439f4dea62f1b28b9737cefb0be', '0003b840bdc013b9389f2c192198d7e56b6cdccfa3c7aff15888cd6a77f919ce', 6355, 'RGB')",Start_time,2019-10-28 22:21:59.161638,End_time,2019-10-28 22:21:59.189661,Duration,0:00:00.028023
Task,"(157, '2019-10-29T02:21:59.190643', {'digest': 'C38B226D489D312EE7FC940C42E5651046F8827AFF9D8226CF06BAFA6591B217'}, '000ab32dd6019b866e4fe6bc94fec6b6bc75a4d4f005e1e21a5c874ace9a0c38', '000545841233f9ea0f27511698e69392a7cbe439f4dea62f1b28b9737cefb0be', 2195, 'DB')",Start_time,2019-10-28 22:21:59.190643,End_time,2019-10-28 22:21:59.196636,Duration,0:00:00.005993
Task,"(158, '2019-10-29T02:21:59.197637', <LC.TB_data object at 0x000001BA37F0A630>, '0003df8bfea5c9f3f85643eee6ba2111e045b05e94e3e219f0043bc2d768ace7', '000ab32dd6019b866e4fe6bc94fec6b6bc75a4d4f005e1e21a5c874ace9a0c38', 3358, 'TB')",Start_time,2019-10-28 22:21:59.197637,End_time,2019-10-28 22:21:59.208754,Duration,0:00:00.011117
Task,"(159, '2019-10-29T02:22:09.388321', 'Relative Genesis Block', '0007a2455b6cf2bbd12b3e6671e59ef67b487eb27ca05bed4ebf1a18f2413f6a', '0003df8bfea5c9f3f85643eee6ba2111e045b05e94e3e219f0043bc2d768ace7', 1696, 'RGB')",Start_time,2019-10-28 22:22:09.388321,End_time,2019-10-28 22:22:09.397321,Duration,0:00:00.009000
Task,"(160, '2019-10-29T02:22:09.400321', {'digest': 'C38B226D489D312EE7FC940C42E5651046F8827AFF9D8226CF06BAFA6591B217'}, '00088004f107b2fa2a0ee81b9e15fa51fc78176294340938f1770d3c60a0e49e', '0007a2455b6cf2bbd12b3e6671e59ef67b487eb27ca05bed4ebf1a18f2413f6a', 1428, 'DB')",Start_time,2019-10-28 22:22:09.400321,End_time,2019-10-28 22:22:09.406318,Duration,0:00:00.005997
Task,"(161, '2019-10-29T02:22:09.407322', <LC.TB_data object at 0x000001BA37F14668>, '00003260732279e976a02963ebef67c18eaad139ff3b70f6a5f0eb9c57ab3bf2', '00088004f107b2fa2a0ee81b9e15fa51fc78176294340938f1770d3c60a0e49e', 7296, 'TB')",Start_time,2019-10-28 22:22:09.407322,End_time,2019-10-28 22:22:09.432354,Duration,0:00:00.025032
Task,"(162, '2019-10-29T02:22:19.594486', 'Relative Genesis Block', '000e0e7567fd175bcc4759de679b7477fb7281de8b64af7fe780acd05e6c710f', '00003260732279e976a02963ebef67c18eaad139ff3b70f6a5f0eb9c57ab3bf2', 4394, 'RGB')",Start_time,2019-10-28 22:22:19.594486,End_time,2019-10-28 22:22:19.606482,Duration,0:00:00.011996
Task,"(163, '2019-10-29T02:22:19.608534', {'digest': 'C38B226D489D312EE7FC940C42E5651046F8827AFF9D8226CF06BAFA6591B217'}, '000bdd71b7748a44deda9159935076ccce902c32f2c115619495d88029e75014', '000e0e7567fd175bcc4759de679b7477fb7281de8b64af7fe780acd05e6c710f', 2965, 'DB')",Start_time,2019-10-28 22:22:19.608534,End_time,2019-10-28 22:22:19.617517,Duration,0:00:00.008983
Task,"(164, '2019-10-29T02:22:19.619489', <LC.TB_data object at 0x000001BA37F14630>, '0006026ee306610fddf65bdf24177be6df221a5eda513e97a19ef0852921baf5', '000bdd71b7748a44deda9159935076ccce902c32f2c115619495d88029e75014', 957, 'TB')",Start_time,2019-10-28 22:22:19.619489,End_time,2019-10-28 22:22:19.621511,Duration,0:00:00.002022
Task,"(165, '2019-10-29T02:22:29.776674', 'Relative Genesis Block', '000686ada5f7790a5ec7ccdcea3b02c12b3832dcbcc27f68dd3ee861ee05471b', '0006026ee306610fddf65bdf24177be6df221a5eda513e97a19ef0852921baf5', 556, 'RGB')",Start_time,2019-10-28 22:22:29.776674,End_time,2019-10-28 22:22:29.778671,Duration,0:00:00.001997
Task,"(166, '2019-10-29T02:22:29.780671', {'digest': 'C38B226D489D312EE7FC940C42E5651046F8827AFF9D8226CF06BAFA6591B217'}, '000c6ae4fa4c5de7dad9f1f82763064e5a15408f673d0a5ad30adb16d90db509', '000686ada5f7790a5ec7ccdcea3b02c12b3832dcbcc27f68dd3ee861ee05471b', 13001, 'DB')",Start_time,2019-10-28 22:22:29.780671,End_time,2019-10-28 22:22:29.820703,Duration,0:00:00.040032
Task,"(167, '2019-10-29T02:22:29.821703', <LC.TB_data object at 0x000001BA37F14DA0>, '0007b2d7b4f2961d6edb0c167c949859b9bd3ead71320bd85b07aca99ae4c09c', '000c6ae4fa4c5de7dad9f1f82763064e5a15408f673d0a5ad30adb16d90db509', 13175, 'TB')",Start_time,2019-10-28 22:22:29.821703,End_time,2019-10-28 22:22:29.848704,Duration,0:00:00.027001
Task,"(168, '2019-10-29T02:22:40.033886', 'Relative Genesis Block', '0009762dfc8e005329a14f74b3406d374a8735f8e5a6cea9ae7a948ed1a581ef', '0007b2d7b4f2961d6edb0c167c949859b9bd3ead71320bd85b07aca99ae4c09c', 1167, 'RGB')",Start_time,2019-10-28 22:22:40.033886,End_time,2019-10-28 22:22:40.038923,Duration,0:00:00.005037
Task,"(169, '2019-10-29T02:22:40.039890', {'digest': 'C38B226D489D312EE7FC940C42E5651046F8827AFF9D8226CF06BAFA6591B217'}, '0006ccf0dcea3fec664c992599f62f3e35dfd3d1273a7199af0e160953b4d830', '0009762dfc8e005329a14f74b3406d374a8735f8e5a6cea9ae7a948ed1a581ef', 1036, 'DB')",Start_time,2019-10-28 22:22:40.039890,End_time,2019-10-28 22:22:40.044884,Duration,0:00:00.004994
Task,"(170, '2019-10-29T02:22:40.045894', <LC.TB_data object at 0x000001BA37F14BA8>, '0001edf4aee167f4b36700db4bc271f2d0e4199ad45de1cdf176697e6f699b9c', '0006ccf0dcea3fec664c992599f62f3e35dfd3d1273a7199af0e160953b4d830', 1420, 'TB')",Start_time,2019-10-28 22:22:40.045894,End_time,2019-10-28 22:22:40.052891,Duration,0:00:00.006997
Task,"(171, '2019-10-29T02:22:50.233057', 'Relative Genesis Block', '000c8a3ff4b227d761498b79decb8feef4f1043aac0eafca962fa102b6b4ee96', '0001edf4aee167f4b36700db4bc271f2d0e4199ad45de1cdf176697e6f699b9c', 1643, 'RGB')",Start_time,2019-10-28 22:22:50.233057,End_time,2019-10-28 22:22:50.239048,Duration,0:00:00.005991
Task,"(172, '2019-10-29T02:22:50.241051', {'digest': 'C38B226D489D312EE7FC940C42E5651046F8827AFF9D8226CF06BAFA6591B217'}, '000fcea9557b9245157793c7ff0a52c6ad7277b4fdd176eb764ce8d7cb1306d0', '000c8a3ff4b227d761498b79decb8feef4f1043aac0eafca962fa102b6b4ee96', 1906, 'DB')",Start_time,2019-10-28 22:22:50.241051,End_time,2019-10-28 22:22:50.249085,Duration,0:00:00.008034
Task,"(173, '2019-10-29T02:22:50.251049', <LC.TB_data object at 0x000001BA37F0AF28>, '000433ed0eec6d72a64cb5947097d66ddd8bc7aef9edba6fe8e7dff434738e91', '000fcea9557b9245157793c7ff0a52c6ad7277b4fdd176eb764ce8d7cb1306d0', 3216, 'TB')",Start_time,2019-10-28 22:22:50.251049,End_time,2019-10-28 22:22:50.263082,Duration,0:00:00.012033
Task,"(174, '2019-10-29T02:23:00.423145', 'Relative Genesis Block', '0003c3b43f71b7ece0ef8fb8a164b28b92b3cdf5bc816017afc30e988bc0379c', '000433ed0eec6d72a64cb5947097d66ddd8bc7aef9edba6fe8e7dff434738e91', 1751, 'RGB')",Start_time,2019-10-28 22:23:00.423145,End_time,2019-10-28 22:23:00.430152,Duration,0:00:00.007007
Task,"(175, '2019-10-29T02:23:00.431145', {'digest': 'C38B226D489D312EE7FC940C42E5651046F8827AFF9D8226CF06BAFA6591B217'}, '000361877405455e38affc1ae54a05ee1dd05db6110502c682a1d48f66d5c08b', '0003c3b43f71b7ece0ef8fb8a164b28b92b3cdf5bc816017afc30e988bc0379c', 376, 'DB')",Start_time,2019-10-28 22:23:00.431145,End_time,2019-10-28 22:23:00.432147,Duration,0:00:00.001002
Task,"(176, '2019-10-29T02:23:00.433145', <LC.TB_data object at 0x000001BA37F0A518>, '0009d2673dd341fb2f407fe035d570d03ff7ef8202b264204820cf19370575a2', '000361877405455e38affc1ae54a05ee1dd05db6110502c682a1d48f66d5c08b', 411, 'TB')",Start_time,2019-10-28 22:23:00.433145,End_time,2019-10-28 22:23:00.435146,Duration,0:00:00.002001
Task,"(177, '2019-10-29T02:23:10.661144', 'Relative Genesis Block', '0009a2962678aa7e0f78c38c0ba79d084c24246f23f7bb4ad28277af063ec3fe', '0009d2673dd341fb2f407fe035d570d03ff7ef8202b264204820cf19370575a2', 2143, 'RGB')",Start_time,2019-10-28 22:23:10.661144,End_time,2019-10-28 22:23:10.668144,Duration,0:00:00.007000
Task,"(178, '2019-10-29T02:23:10.672149', {'digest': 'C38B226D489D312EE7FC940C42E5651046F8827AFF9D8226CF06BAFA6591B217'}, '00093146bca466c8e70893d144801272b0275e430963eca88d097bb2dcead716', '0009a2962678aa7e0f78c38c0ba79d084c24246f23f7bb4ad28277af063ec3fe', 567, 'DB')",Start_time,2019-10-28 22:23:10.672149,End_time,2019-10-28 22:23:10.675142,Duration,0:00:00.002993
Task,"(179, '2019-10-29T02:23:10.676143', <LC.TB_data object at 0x000001BA37F0A080>, '0007a5f0052a164c53b33ce01573c46f8f29a543dda70da0dbdffca0142c6e4d', '00093146bca466c8e70893d144801272b0275e430963eca88d097bb2dcead716', 3735, 'TB')",Start_time,2019-10-28 22:23:10.676143,End_time,2019-10-28 22:23:10.688141,Duration,0:00:00.011998
Task,"(180, '2019-10-29T02:23:20.854146', 'Relative Genesis Block', '00032c424447d68fc8cc4f948993201da0968d493c9ee8b574ea222b10993448', '0007a5f0052a164c53b33ce01573c46f8f29a543dda70da0dbdffca0142c6e4d', 13608, 'RGB')",Start_time,2019-10-28 22:23:20.854146,End_time,2019-10-28 22:23:20.898177,Duration,0:00:00.044031
Task,"(181, '2019-10-29T02:23:20.899178', {'digest': 'C38B226D489D312EE7FC940C42E5651046F8827AFF9D8226CF06BAFA6591B217'}, '000a272696edf570c72fec28e160259663cd4c03be292c16757e7d51c42cdabb', '00032c424447d68fc8cc4f948993201da0968d493c9ee8b574ea222b10993448', 8686, 'DB')",Start_time,2019-10-28 22:23:20.899178,End_time,2019-10-28 22:23:20.917177,Duration,0:00:00.017999
Task,"(182, '2019-10-29T02:23:20.918177', <LC.TB_data object at 0x000001BA37F0A898>, '00092793e1e6b40379339bab8204393e3d42907754344272d1eb056f48c7070b', '000a272696edf570c72fec28e160259663cd4c03be292c16757e7d51c42cdabb', 3741, 'TB')",Start_time,2019-10-28 22:23:20.918177,End_time,2019-10-28 22:23:20.927141,Duration,0:00:00.008964
Task,"(183, '2019-10-29T02:23:31.101075', 'Relative Genesis Block', '000f86ebc884c23a5317a987ae0532657747279be70895a160851dc2759c5d11', '00092793e1e6b40379339bab8204393e3d42907754344272d1eb056f48c7070b', 706, 'RGB')",Start_time,2019-10-28 22:23:31.101075,End_time,2019-10-28 22:23:31.103079,Duration,0:00:00.002004
Task,"(184, '2019-10-29T02:23:31.105077', {'digest': 'C38B226D489D312EE7FC940C42E5651046F8827AFF9D8226CF06BAFA6591B217'}, '0000bb622fd4aa4a06ccc8efaf0546760c2488b022fac0495b9fd5918dc6229d', '000f86ebc884c23a5317a987ae0532657747279be70895a160851dc2759c5d11', 6009, 'DB')",Start_time,2019-10-28 22:23:31.105077,End_time,2019-10-28 22:23:31.131078,Duration,0:00:00.026001
Task,"(185, '2019-10-29T02:23:31.133176', <LC.TB_data object at 0x000001BA37EDC6A0>, '000d8acdd0674c3d291f13aa4db6ad550e696fecf4a868779743bba3f835008c', '0000bb622fd4aa4a06ccc8efaf0546760c2488b022fac0495b9fd5918dc6229d', 5853, 'TB')",Start_time,2019-10-28 22:23:31.133176,End_time,2019-10-28 22:23:31.148107,Duration,0:00:00.014931
Task,"(186, '2019-10-29T02:23:41.320077', 'Relative Genesis Block', '000010a19dc7694b42f4325e8b63a94d815e825a008b94b7ee6f6182f63be38f', '000d8acdd0674c3d291f13aa4db6ad550e696fecf4a868779743bba3f835008c', 2249, 'RGB')",Start_time,2019-10-28 22:23:41.320077,End_time,2019-10-28 22:23:41.329078,Duration,0:00:00.009001
Task,"(187, '2019-10-29T02:23:41.330076', {'digest': 'C38B226D489D312EE7FC940C42E5651046F8827AFF9D8226CF06BAFA6591B217'}, '000e740a5c6351fccac85778484b1800038f94b9d76d36e1d8a33ad335839aeb', '000010a19dc7694b42f4325e8b63a94d815e825a008b94b7ee6f6182f63be38f', 1224, 'DB')",Start_time,2019-10-28 22:23:41.330076,End_time,2019-10-28 22:23:41.337109,Duration,0:00:00.007033
Task,"(188, '2019-10-29T02:23:41.339076', <LC.TB_data object at 0x000001BA37EB9908>, '000c27f585aea24b3c63ece3ff2d33fd1f61ce0b6d24e5ec85f62f837e54f13c', '000e740a5c6351fccac85778484b1800038f94b9d76d36e1d8a33ad335839aeb', 974, 'TB')",Start_time,2019-10-28 22:23:41.339076,End_time,2019-10-28 22:23:41.343075,Duration,0:00:00.003999
Task,"(189, '2019-10-29T02:23:51.538088', 'Relative Genesis Block', '0009b18cf0789773c344e0fb0dfa1dcb4688d4799a6e83fc4a64fdd80ccbd2f1', '000c27f585aea24b3c63ece3ff2d33fd1f61ce0b6d24e5ec85f62f837e54f13c', 4044, 'RGB')",Start_time,2019-10-28 22:23:51.538088,End_time,2019-10-28 22:23:51.554147,Duration,0:00:00.016059
Task,"(190, '2019-10-29T02:23:51.555116', {'digest': 'C38B226D489D312EE7FC940C42E5651046F8827AFF9D8226CF06BAFA6591B217'}, '0009f6216726c6b0c5500cf0fb55cab05704199c148d0251f004920080d52fb2', '0009b18cf0789773c344e0fb0dfa1dcb4688d4799a6e83fc4a64fdd80ccbd2f1', 2402, 'DB')",Start_time,2019-10-28 22:23:51.555116,End_time,2019-10-28 22:23:51.563072,Duration,0:00:00.007956
Task,"(191, '2019-10-29T02:23:51.564077', <LC.TB_data object at 0x000001BA37E805C0>, '0003b18be6010ca565b5170a73e4af00a2b2324d9756b32d1f8f7201177a8410', '0009f6216726c6b0c5500cf0fb55cab05704199c148d0251f004920080d52fb2', 460, 'TB')",Start_time,2019-10-28 22:23:51.564077,End_time,2019-10-28 22:23:51.565073,Duration,0:00:00.000996
Task,"(192, '2019-10-29T02:24:01.762570', 'Relative Genesis Block', '0005366c877ce05bbc48c864544d28765496c5d9d426c45c259c2947708f1a74', '0003b18be6010ca565b5170a73e4af00a2b2324d9756b32d1f8f7201177a8410', 1333, 'RGB')",Start_time,2019-10-28 22:24:01.761567,End_time,2019-10-28 22:24:01.766565,Duration,0:00:00.004998
Task,"(193, '2019-10-29T02:24:01.767566', {'digest': 'C38B226D489D312EE7FC940C42E5651046F8827AFF9D8226CF06BAFA6591B217'}, '0001c3d4e94b8464a7468d0b365d675d024b2c973873689749ab1b0f4c703b7f', '0005366c877ce05bbc48c864544d28765496c5d9d426c45c259c2947708f1a74', 429, 'DB')",Start_time,2019-10-28 22:24:01.767566,End_time,2019-10-28 22:24:01.769567,Duration,0:00:00.002001
Task,"(194, '2019-10-29T02:24:01.770569', <LC.TB_data object at 0x000001BA37EEA588>, '000e23da24479a7bb3a5c51df4a286972b3cdec03645e47c52b3c8ee000e1196', '0001c3d4e94b8464a7468d0b365d675d024b2c973873689749ab1b0f4c703b7f', 2838, 'TB')",Start_time,2019-10-28 22:24:01.770569,End_time,2019-10-28 22:24:01.781564,Duration,0:00:00.010995
Task,"(195, '2019-10-29T02:24:11.969248', 'Relative Genesis Block', '0002c297c4d0bb8ab0b2a889327f6d66ec1c82c551f12bfb4024ce6800dd99b7', '000e23da24479a7bb3a5c51df4a286972b3cdec03645e47c52b3c8ee000e1196', 13276, 'RGB')",Start_time,2019-10-28 22:24:11.969248,End_time,2019-10-28 22:24:12.016244,Duration,0:00:00.046996
Task,"(196, '2019-10-29T02:24:12.018242', {'digest': 'C38B226D489D312EE7FC940C42E5651046F8827AFF9D8226CF06BAFA6591B217'}, '0002c71045ac8ab6902bea78dc7050e0fb438efc37458dc10b9519775e59dff3', '0002c297c4d0bb8ab0b2a889327f6d66ec1c82c551f12bfb4024ce6800dd99b7', 568, 'DB')",Start_time,2019-10-28 22:24:12.018242,End_time,2019-10-28 22:24:12.019242,Duration,0:00:00.001000
Task,"(197, '2019-10-29T02:24:12.020242', <LC.TB_data object at 0x000001BA37EFAD68>, '000ebaf9fa4ae4ab8c02c2a7c842659671955b17826a383efa6ad13faf2ec70c', '0002c71045ac8ab6902bea78dc7050e0fb438efc37458dc10b9519775e59dff3', 7733, 'TB')",Start_time,2019-10-28 22:24:12.020242,End_time,2019-10-28 22:24:12.040245,Duration,0:00:00.020003
Task,"(198, '2019-10-29T02:24:22.194411', 'Relative Genesis Block', '0007e246677aa73ff85854577fdf463d0c2668632b4fb4b7371e4f06d910c2ca', '000ebaf9fa4ae4ab8c02c2a7c842659671955b17826a383efa6ad13faf2ec70c', 17131, 'RGB')",Start_time,2019-10-28 22:24:22.194411,End_time,2019-10-28 22:24:22.247444,Duration,0:00:00.053033
Task,"(199, '2019-10-29T02:24:22.248444', {'digest': 'C38B226D489D312EE7FC940C42E5651046F8827AFF9D8226CF06BAFA6591B217'}, '00058c538fad9670d4933940593010313edb9bd0e0cb599b9575cb7eddc5342f', '0007e246677aa73ff85854577fdf463d0c2668632b4fb4b7371e4f06d910c2ca', 3330, 'DB')",Start_time,2019-10-28 22:24:22.248444,End_time,2019-10-28 22:24:22.256412,Duration,0:00:00.007968
Task,"(200, '2019-10-29T02:24:22.257411', <LC.TB_data object at 0x000001BA37EFAE80>, '00094c11b6603a207263c3858d9aec58a1fdad3b6665504a469ec3f5379ab547', '00058c538fad9670d4933940593010313edb9bd0e0cb599b9575cb7eddc5342f', 9329, 'TB')",Start_time,2019-10-28 22:24:22.257411,End_time,2019-10-28 22:24:22.281447,Duration,0:00:00.024036
Task,"(201, '2019-10-29T02:24:32.458127', 'Relative Genesis Block', '000e8180f6d645adee179401e61a70cad22af16ffc44dd1455c21a830cdbe384', '00094c11b6603a207263c3858d9aec58a1fdad3b6665504a469ec3f5379ab547', 365, 'RGB')",Start_time,2019-10-28 22:24:32.457093,End_time,2019-10-28 22:24:32.459090,Duration,0:00:00.001997
Task,"(202, '2019-10-29T02:24:32.460093', {'digest': 'C38B226D489D312EE7FC940C42E5651046F8827AFF9D8226CF06BAFA6591B217'}, '000b47204357278ce8b2571684d912bed21b6c99dc262600235e71b94ba5803b', '000e8180f6d645adee179401e61a70cad22af16ffc44dd1455c21a830cdbe384', 3494, 'DB')",Start_time,2019-10-28 22:24:32.460093,End_time,2019-10-28 22:24:32.473139,Duration,0:00:00.013046
Task,"(203, '2019-10-29T02:24:32.474093', <LC.TB_data object at 0x000001BA37F01F28>, '000efaf7e883995b1f2bd1db25160bc4a977b7789d8044e7d7eae8d1cba9b7d5', '000b47204357278ce8b2571684d912bed21b6c99dc262600235e71b94ba5803b', 3735, 'TB')",Start_time,2019-10-28 22:24:32.474093,End_time,2019-10-28 22:24:32.487125,Duration,0:00:00.013032
Task,"(204, '2019-10-29T02:24:42.657267', 'Relative Genesis Block', '0002d05ce1d66aada69423ae8a74a981f09e2c2b19cfb7a530787f76ee49cce7', '000efaf7e883995b1f2bd1db25160bc4a977b7789d8044e7d7eae8d1cba9b7d5', 374, 'RGB')",Start_time,2019-10-28 22:24:42.657267,End_time,2019-10-28 22:24:42.659270,Duration,0:00:00.002003
Task,"(205, '2019-10-29T02:24:42.660264', {'digest': 'C38B226D489D312EE7FC940C42E5651046F8827AFF9D8226CF06BAFA6591B217'}, '000159b133bb20b25632e3bd61e00b683e9c995557d9fea4b6a05807cb633e1b', '0002d05ce1d66aada69423ae8a74a981f09e2c2b19cfb7a530787f76ee49cce7', 8750, 'DB')",Start_time,2019-10-28 22:24:42.660264,End_time,2019-10-28 22:24:42.695303,Duration,0:00:00.035039
Task,"(206, '2019-10-29T02:24:42.698272', <LC.TB_data object at 0x000001BA37F1C390>, '000897a4b7e02c91a2bd04a4b4e36abd992d6fff6f0afebed2ca03299f7b4475', '000159b133bb20b25632e3bd61e00b683e9c995557d9fea4b6a05807cb633e1b', 3342, 'TB')",Start_time,2019-10-28 22:24:42.698272,End_time,2019-10-28 22:24:42.706300,Duration,0:00:00.008028
Task,"(207, '2019-10-29T02:24:52.903424', 'Relative Genesis Block', '000865150867a986eccf44d795a694410d1a478225e843bb241124c8936cbe24', '000897a4b7e02c91a2bd04a4b4e36abd992d6fff6f0afebed2ca03299f7b4475', 742, 'RGB')",Start_time,2019-10-28 22:24:52.903424,End_time,2019-10-28 22:24:52.905422,Duration,0:00:00.001998
Task,"(208, '2019-10-29T02:24:52.906423', {'digest': 'C38B226D489D312EE7FC940C42E5651046F8827AFF9D8226CF06BAFA6591B217'}, '000e5b0ff53d9eb6ca521c5e6ead4ffdd791809dd6af85aba23d8b814ec8f8e8', '000865150867a986eccf44d795a694410d1a478225e843bb241124c8936cbe24', 2725, 'DB')",Start_time,2019-10-28 22:24:52.906423,End_time,2019-10-28 22:24:52.917475,Duration,0:00:00.011052
Task,"(209, '2019-10-29T02:24:52.918420', <LC.TB_data object at 0x000001BA37F1C160>, '000c50a8572a3119c5a84899aea80b30c19c4a2f041eebf60a11de49e63353c0', '000e5b0ff53d9eb6ca521c5e6ead4ffdd791809dd6af85aba23d8b814ec8f8e8', 941, 'TB')",Start_time,2019-10-28 22:24:52.918420,End_time,2019-10-28 22:24:52.923421,Duration,0:00:00.005001
Task,"(210, '2019-10-29T02:25:03.090423', 'Relative Genesis Block', '000f998832a56c3909b4308dd561a0e7b25ead01b78e38c24933d007329bfaf0', '000c50a8572a3119c5a84899aea80b30c19c4a2f041eebf60a11de49e63353c0', 4920, 'RGB')",Start_time,2019-10-28 22:25:03.090423,End_time,2019-10-28 22:25:03.112421,Duration,0:00:00.021998
Task,"(211, '2019-10-29T02:25:03.113421', {'digest': 'C38B226D489D312EE7FC940C42E5651046F8827AFF9D8226CF06BAFA6591B217'}, '00032d91abb6777ba86b3a636f0bf926c29becb812f76d59cba9e6e45e01d9cc', '000f998832a56c3909b4308dd561a0e7b25ead01b78e38c24933d007329bfaf0', 912, 'DB')",Start_time,2019-10-28 22:25:03.113421,End_time,2019-10-28 22:25:03.118420,Duration,0:00:00.004999
Task,"(212, '2019-10-29T02:25:03.119422', <LC.TB_data object at 0x000001BA37F1CE48>, '0009f4edeb28659dfbaf693f7ad0a3992045c4801fa284c4d7f21924d32b11c4', '00032d91abb6777ba86b3a636f0bf926c29becb812f76d59cba9e6e45e01d9cc', 640, 'TB')",Start_time,2019-10-28 22:25:03.119422,End_time,2019-10-28 22:25:03.122492,Duration,0:00:00.003070
Task,"(213, '2019-10-29T02:25:13.321591', 'Relative Genesis Block', '000fdf5b7eaa8e04c14c698b37afa57fde3d1ae33736e85fa2236af323c7429b', '0009f4edeb28659dfbaf693f7ad0a3992045c4801fa284c4d7f21924d32b11c4', 7698, 'RGB')",Start_time,2019-10-28 22:25:13.321591,End_time,2019-10-28 22:25:13.347586,Duration,0:00:00.025995
Task,"(214, '2019-10-29T02:25:13.349596', {'digest': 'C38B226D489D312EE7FC940C42E5651046F8827AFF9D8226CF06BAFA6591B217'}, '00024843d70c927484c570d08ff4e01693db81b881c6b7bb8bf1ba8791926bb0', '000fdf5b7eaa8e04c14c698b37afa57fde3d1ae33736e85fa2236af323c7429b', 106, 'DB')",Start_time,2019-10-28 22:25:13.349596,End_time,2019-10-28 22:25:13.349596,Duration,0:00:00
Task,"(215, '2019-10-29T02:25:13.351590', <LC.TB_data object at 0x000001BA37F1CFD0>, '0005c43a2354c6f2087e316f1cca1e4fd8b6e8f0977487b39f976c76b8e66504', '00024843d70c927484c570d08ff4e01693db81b881c6b7bb8bf1ba8791926bb0', 2843, 'TB')",Start_time,2019-10-28 22:25:13.351590,End_time,2019-10-28 22:25:13.361587,Duration,0:00:00.009997
Task,"(216, '2019-10-29T02:25:23.530815', 'Relative Genesis Block', '0004b4bf726c23723637d2aab725dd35a78963f9803458628f83b3646c3b6f7b', '0005c43a2354c6f2087e316f1cca1e4fd8b6e8f0977487b39f976c76b8e66504', 1315, 'RGB')",Start_time,2019-10-28 22:25:23.530815,End_time,2019-10-28 22:25:23.536814,Duration,0:00:00.005999
Task,"(217, '2019-10-29T02:25:23.537814', {'digest': 'C38B226D489D312EE7FC940C42E5651046F8827AFF9D8226CF06BAFA6591B217'}, '000d1544d52f74c948a7d6176d814e9398d10d2a66af567ca5b3db77d761982c', '0004b4bf726c23723637d2aab725dd35a78963f9803458628f83b3646c3b6f7b', 2002, 'DB')",Start_time,2019-10-28 22:25:23.537814,End_time,2019-10-28 22:25:23.543810,Duration,0:00:00.005996
Task,"(218, '2019-10-29T02:25:23.546812', <LC.TB_data object at 0x000001BA37F294A8>, '00045993b34c55f40a17095273e116d620cacdc110782b17126c47ef479a7b7c', '000d1544d52f74c948a7d6176d814e9398d10d2a66af567ca5b3db77d761982c', 1148, 'TB')",Start_time,2019-10-28 22:25:23.546812,End_time,2019-10-28 22:25:23.551811,Duration,0:00:00.004999
Task,"(219, '2019-10-29T02:25:33.748420', 'Relative Genesis Block', '000858bedcde58ce0a4868b3ca4dacbddc19b4e1feef5c9f2c49434cf72519b6', '00045993b34c55f40a17095273e116d620cacdc110782b17126c47ef479a7b7c', 6388, 'RGB')",Start_time,2019-10-28 22:25:33.748420,End_time,2019-10-28 22:25:33.773419,Duration,0:00:00.024999
Task,"(220, '2019-10-29T02:25:33.774421', {'digest': 'C38B226D489D312EE7FC940C42E5651046F8827AFF9D8226CF06BAFA6591B217'}, '0006709cef47860dc09706471403e066c6fbf76eeb2dd79bf59b01c378f7d255', '000858bedcde58ce0a4868b3ca4dacbddc19b4e1feef5c9f2c49434cf72519b6', 1454, 'DB')",Start_time,2019-10-28 22:25:33.774421,End_time,2019-10-28 22:25:33.783423,Duration,0:00:00.009002
Task,"(221, '2019-10-29T02:25:33.784423', <LC.TB_data object at 0x000001BA37F29400>, '00029c09098a166f0a8f614c65b01b9480e886bd657b1c3a436f576751023f66', '0006709cef47860dc09706471403e066c6fbf76eeb2dd79bf59b01c378f7d255', 4345, 'TB')",Start_time,2019-10-28 22:25:33.784423,End_time,2019-10-28 22:25:33.801455,Duration,0:00:00.017032
Task,"(222, '2019-10-29T02:25:43.967119', 'Relative Genesis Block', '000995279526d49f38ff31bc5c6075f57e0d6570e56323b356bac2088730caa9', '00029c09098a166f0a8f614c65b01b9480e886bd657b1c3a436f576751023f66', 119, 'RGB')",Start_time,2019-10-28 22:25:43.967119,End_time,2019-10-28 22:25:43.967119,Duration,0:00:00
Task,"(223, '2019-10-29T02:25:43.969115', {'digest': 'C38B226D489D312EE7FC940C42E5651046F8827AFF9D8226CF06BAFA6591B217'}, '000d0e579a2143958f01b5edd6b5e4d291d324921cbc42c77fdc2c7393459f1b', '000995279526d49f38ff31bc5c6075f57e0d6570e56323b356bac2088730caa9', 7650, 'DB')",Start_time,2019-10-28 22:25:43.969115,End_time,2019-10-28 22:25:43.997110,Duration,0:00:00.027995
Task,"(224, '2019-10-29T02:25:43.999112', <LC.TB_data object at 0x000001BA37F29E48>, '0005317a7a5bb7f5ae340f9212bae0955f579b9e020d54d48222ed8792e5ecd5', '000d0e579a2143958f01b5edd6b5e4d291d324921cbc42c77fdc2c7393459f1b', 4985, 'TB')",Start_time,2019-10-28 22:25:43.999112,End_time,2019-10-28 22:25:44.021109,Duration,0:00:00.021997
Task,"(225, '2019-10-29T02:25:54.189506', 'Relative Genesis Block', '00038980b117dfd4306f6d7d36d29ab3dcd02e6231c4fd8c7651adaf053013b3', '0005317a7a5bb7f5ae340f9212bae0955f579b9e020d54d48222ed8792e5ecd5', 878, 'RGB')",Start_time,2019-10-28 22:25:54.189506,End_time,2019-10-28 22:25:54.193505,Duration,0:00:00.003999
Task,"(226, '2019-10-29T02:25:54.195536', {'digest': 'C38B226D489D312EE7FC940C42E5651046F8827AFF9D8226CF06BAFA6591B217'}, '000ce0fd506a60ec8083b4eb30a196c33cf075bb77925cec5beb02455f37b7f4', '00038980b117dfd4306f6d7d36d29ab3dcd02e6231c4fd8c7651adaf053013b3', 3664, 'DB')",Start_time,2019-10-28 22:25:54.195536,End_time,2019-10-28 22:25:54.209505,Duration,0:00:00.013969
Task,"(227, '2019-10-29T02:25:54.210517', <LC.TB_data object at 0x000001BA37F29FD0>, '0003378ea3ed70198a5e8af677233b5ee32d06d1d87e3a9f4ff3bdbc68b4f8a0', '000ce0fd506a60ec8083b4eb30a196c33cf075bb77925cec5beb02455f37b7f4', 998, 'TB')",Start_time,2019-10-28 22:25:54.210517,End_time,2019-10-28 22:25:54.212503,Duration,0:00:00.001986
Task,"(228, '2019-10-29T02:26:04.441507', 'Relative Genesis Block', '000eede95b9478588a45dec9718aae89c64487ce6a1de84195506da5b353997e', '0003378ea3ed70198a5e8af677233b5ee32d06d1d87e3a9f4ff3bdbc68b4f8a0', 541, 'RGB')",Start_time,2019-10-28 22:26:04.441507,End_time,2019-10-28 22:26:04.444519,Duration,0:00:00.003012
Task,"(229, '2019-10-29T02:26:04.446507', {'digest': 'C38B226D489D312EE7FC940C42E5651046F8827AFF9D8226CF06BAFA6591B217'}, '000218d968c56968dc23777c88d9f03c1bc7ecd9104c56e7c0595be791e9725c', '000eede95b9478588a45dec9718aae89c64487ce6a1de84195506da5b353997e', 992, 'DB')",Start_time,2019-10-28 22:26:04.446507,End_time,2019-10-28 22:26:04.451510,Duration,0:00:00.005003
Task,"(230, '2019-10-29T02:26:04.453510', <LC.TB_data object at 0x000001BA37F29470>, '00037da6a7385c3feb83ab0c18582a84c2e1e0d3c0dc68f2fb8780822d243b30', '000218d968c56968dc23777c88d9f03c1bc7ecd9104c56e7c0595be791e9725c', 1368, 'TB')",Start_time,2019-10-28 22:26:04.453510,End_time,2019-10-28 22:26:04.457506,Duration,0:00:00.003996
Task,"(231, '2019-10-29T02:26:14.616875', 'Relative Genesis Block', '0001f0202e6a90988cfad8c3214b38aebb5bb32cefb07c51e8ee05f679b30174', '00037da6a7385c3feb83ab0c18582a84c2e1e0d3c0dc68f2fb8780822d243b30', 1682, 'RGB')",Start_time,2019-10-28 22:26:14.616875,End_time,2019-10-28 22:26:14.651877,Duration,0:00:00.035002
Task,"(232, '2019-10-29T02:26:14.663866', {'digest': 'C38B226D489D312EE7FC940C42E5651046F8827AFF9D8226CF06BAFA6591B217'}, '0007e94163f70c3f13b1bd6da76946d02e674a6a3012c592d39c334d03e490a2', '0001f0202e6a90988cfad8c3214b38aebb5bb32cefb07c51e8ee05f679b30174', 568, 'DB')",Start_time,2019-10-28 22:26:14.663866,End_time,2019-10-28 22:26:14.667867,Duration,0:00:00.004001
Task,"(233, '2019-10-29T02:26:14.669879', <LC.TB_data object at 0x000001BA37F1C7B8>, '000262169272b2aa82efce97d9f944adba7e5931fcb75b7540ca68a0105bb36c', '0007e94163f70c3f13b1bd6da76946d02e674a6a3012c592d39c334d03e490a2', 2479, 'TB')",Start_time,2019-10-28 22:26:14.669879,End_time,2019-10-28 22:26:14.690904,Duration,0:00:00.021025
Task,"(234, '2019-10-29T02:26:24.850884', 'Relative Genesis Block', '000b2f009da0ecd6f29ddae1be785cc96d0236b864d2c498cfdc9dcab84d7783', '000262169272b2aa82efce97d9f944adba7e5931fcb75b7540ca68a0105bb36c', 3446, 'RGB')",Start_time,2019-10-28 22:26:24.850884,End_time,2019-10-28 22:26:24.862869,Duration,0:00:00.011985
Task,"(235, '2019-10-29T02:26:24.864869', {'digest': 'C38B226D489D312EE7FC940C42E5651046F8827AFF9D8226CF06BAFA6591B217'}, '000072e34238ec17c5655973cdc893f9a980ae14764a59e1cb7ee7f3098f5316', '000b2f009da0ecd6f29ddae1be785cc96d0236b864d2c498cfdc9dcab84d7783', 5211, 'DB')",Start_time,2019-10-28 22:26:24.864869,End_time,2019-10-28 22:26:24.889882,Duration,0:00:00.025013
Task,"(236, '2019-10-29T02:26:24.892871', <LC.TB_data object at 0x000001BA37F1C048>, '000944ceb0dadcfafc42533bab6040279b24ca578f19b7e4a8900e28c24ef8e4', '000072e34238ec17c5655973cdc893f9a980ae14764a59e1cb7ee7f3098f5316', 753, 'TB')",Start_time,2019-10-28 22:26:24.892871,End_time,2019-10-28 22:26:24.894867,Duration,0:00:00.001996
Task,"(237, '2019-10-29T02:26:35.057868', 'Relative Genesis Block', '0000bb7c5085f96402ef44a01bbc6a41dd071f3049560d9b02ad5609821ba1cd', '000944ceb0dadcfafc42533bab6040279b24ca578f19b7e4a8900e28c24ef8e4', 1503, 'RGB')",Start_time,2019-10-28 22:26:35.057868,End_time,2019-10-28 22:26:35.062868,Duration,0:00:00.005000
Task,"(238, '2019-10-29T02:26:35.064869', {'digest': 'C38B226D489D312EE7FC940C42E5651046F8827AFF9D8226CF06BAFA6591B217'}, '000073c50bfd70f68846a5b02e7979ab3dbdeb3e5e0f9db44b05cb1c61d07906', '0000bb7c5085f96402ef44a01bbc6a41dd071f3049560d9b02ad5609821ba1cd', 4116, 'DB')",Start_time,2019-10-28 22:26:35.064869,End_time,2019-10-28 22:26:35.083872,Duration,0:00:00.019003
Task,"(239, '2019-10-29T02:26:35.085868', <LC.TB_data object at 0x000001BA37EB9B38>, '0002984fd51f16111adf6a29133fbca72b666afb72e7e0e76f59e7fad7021971', '000073c50bfd70f68846a5b02e7979ab3dbdeb3e5e0f9db44b05cb1c61d07906', 254, 'TB')",Start_time,2019-10-28 22:26:35.085868,End_time,2019-10-28 22:26:35.086873,Duration,0:00:00.001005
Task,"(240, '2019-10-29T02:26:45.241869', 'Relative Genesis Block', '0001e7e1b58a0ca615e182ed6a07e7222342c28654d2c25faaa529bc27c83379', '0002984fd51f16111adf6a29133fbca72b666afb72e7e0e76f59e7fad7021971', 226, 'RGB')",Start_time,2019-10-28 22:26:45.241869,End_time,2019-10-28 22:26:45.242871,Duration,0:00:00.001002
Task,"(241, '2019-10-29T02:26:45.243867', {'digest': 'C38B226D489D312EE7FC940C42E5651046F8827AFF9D8226CF06BAFA6591B217'}, '000633f90c4ec78644bdc8c41e990f89dc567d8553ac52853810bd62757aff9e', '0001e7e1b58a0ca615e182ed6a07e7222342c28654d2c25faaa529bc27c83379', 4497, 'DB')",Start_time,2019-10-28 22:26:45.243867,End_time,2019-10-28 22:26:45.264869,Duration,0:00:00.021002
Task,"(242, '2019-10-29T02:26:45.265871', <LC.TB_data object at 0x000001BA37EFA3C8>, '0002823011b5b54ddef1d8a60d063232d1e2776f177fceeb9dd091b4cfa888ce', '000633f90c4ec78644bdc8c41e990f89dc567d8553ac52853810bd62757aff9e', 8329, 'TB')",Start_time,2019-10-28 22:26:45.265871,End_time,2019-10-28 22:26:45.288866,Duration,0:00:00.022995
Task,"(243, '2019-10-29T02:26:55.442868', 'Relative Genesis Block', '000a123d12b4185f57c19528481b035a9b5948b6d956b671af9bdecbf6a3cc0f', '0002823011b5b54ddef1d8a60d063232d1e2776f177fceeb9dd091b4cfa888ce', 3578, 'RGB')",Start_time,2019-10-28 22:26:55.442868,End_time,2019-10-28 22:26:55.457867,Duration,0:00:00.014999
Task,"(244, '2019-10-29T02:26:55.459871', {'digest': 'C38B226D489D312EE7FC940C42E5651046F8827AFF9D8226CF06BAFA6591B217'}, '00023259b27f1172af1f2978573b8355af4aac7dff9a8885b1d2f278e756a2c1', '000a123d12b4185f57c19528481b035a9b5948b6d956b671af9bdecbf6a3cc0f', 13171, 'DB')",Start_time,2019-10-28 22:26:55.459871,End_time,2019-10-28 22:26:55.507903,Duration,0:00:00.048032
Task,"(245, '2019-10-29T02:26:55.508865', <LC.TB_data object at 0x000001BA37ED3D30>, '000b11d82b42dbb930cfb8f8d01cc1b5b08ff0af2898148993963af151d05e13', '00023259b27f1172af1f2978573b8355af4aac7dff9a8885b1d2f278e756a2c1', 748, 'TB')",Start_time,2019-10-28 22:26:55.508865,End_time,2019-10-28 22:26:55.509868,Duration,0:00:00.001003
Task,"(246, '2019-10-29T02:27:05.688868', 'Relative Genesis Block', '000c9f77407b68e4971259f234191af01de8b51b004696653f2defb52d7b52e8', '000b11d82b42dbb930cfb8f8d01cc1b5b08ff0af2898148993963af151d05e13', 2769, 'RGB')",Start_time,2019-10-28 22:27:05.688868,End_time,2019-10-28 22:27:05.697869,Duration,0:00:00.009001
Task,"(247, '2019-10-29T02:27:05.698870', {'digest': 'C38B226D489D312EE7FC940C42E5651046F8827AFF9D8226CF06BAFA6591B217'}, '000e56e1f439b80d699ae111f5ff91d778bcce1c94b6a666fb9657d02bcaf2bb', '000c9f77407b68e4971259f234191af01de8b51b004696653f2defb52d7b52e8', 87, 'DB')",Start_time,2019-10-28 22:27:05.698870,End_time,2019-10-28 22:27:05.699871,Duration,0:00:00.001001
Task,"(248, '2019-10-29T02:27:05.699871', <LC.TB_data object at 0x000001BA37EDC9E8>, '000cc220a73c0b90a1dcc5718777a4c5e03a63c85bbb1a7ca5e7ef8813ec1e2a', '000e56e1f439b80d699ae111f5ff91d778bcce1c94b6a666fb9657d02bcaf2bb', 6214, 'TB')",Start_time,2019-10-28 22:27:05.699871,End_time,2019-10-28 22:27:05.729867,Duration,0:00:00.029996
Task,"(249, '2019-10-29T02:27:15.900867', 'Relative Genesis Block', '000bd0f8b40160d5dfc19774aebfa527be9bfa226326b53136f05adde1e51eb1', '000cc220a73c0b90a1dcc5718777a4c5e03a63c85bbb1a7ca5e7ef8813ec1e2a', 931, 'RGB')",Start_time,2019-10-28 22:27:15.900867,End_time,2019-10-28 22:27:15.906870,Duration,0:00:00.006003
Task,"(250, '2019-10-29T02:27:15.909870', {'digest': 'C38B226D489D312EE7FC940C42E5651046F8827AFF9D8226CF06BAFA6591B217'}, '000fbf7390193624ee2268223527f6a8307785f4f4ce32feea5708d9f41c0a7e', '000bd0f8b40160d5dfc19774aebfa527be9bfa226326b53136f05adde1e51eb1', 4136, 'DB')",Start_time,2019-10-28 22:27:15.909870,End_time,2019-10-28 22:27:15.935869,Duration,0:00:00.025999
Task,"(251, '2019-10-29T02:27:15.936871', <LC.TB_data object at 0x000001BA37F0AA58>, '000e0e911e7775e02206b14162f2616a558e4470ad5f80d6caaf9a36c2694cdb', '000fbf7390193624ee2268223527f6a8307785f4f4ce32feea5708d9f41c0a7e', 6045, 'TB')",Start_time,2019-10-28 22:27:15.936871,End_time,2019-10-28 22:27:16.054867,Duration,0:00:00.117996
Task,"(252, '2019-10-29T02:27:26.357872', 'Relative Genesis Block', '0006bb932ae133114d2f7d5716bdc02b35b972c13cf4b1ea1329847f75379046', '000e0e911e7775e02206b14162f2616a558e4470ad5f80d6caaf9a36c2694cdb', 835, 'RGB')",Start_time,2019-10-28 22:27:26.357872,End_time,2019-10-28 22:27:26.361868,Duration,0:00:00.003996
Task,"(253, '2019-10-29T02:27:26.362868', {'digest': 'C38B226D489D312EE7FC940C42E5651046F8827AFF9D8226CF06BAFA6591B217'}, '00042c68385b304951733ff33911f845678c5f5fcc25826c0c023efbf1ff8845', '0006bb932ae133114d2f7d5716bdc02b35b972c13cf4b1ea1329847f75379046', 7266, 'DB')",Start_time,2019-10-28 22:27:26.362868,End_time,2019-10-28 22:27:26.394865,Duration,0:00:00.031997
Task,"(254, '2019-10-29T02:27:26.395873', <LC.TB_data object at 0x000001BA37F142E8>, '0008f20cf451bda0f88ef3b952bde38d67049326be239def4b8b1c0dc18869dc', '00042c68385b304951733ff33911f845678c5f5fcc25826c0c023efbf1ff8845', 13762, 'TB')",Start_time,2019-10-28 22:27:26.395873,End_time,2019-10-28 22:27:26.427868,Duration,0:00:00.031995
Task,"(255, '2019-10-29T02:27:36.596870', 'Relative Genesis Block', '000f78c139a6ad9408817556bfe624ebf89f978ac0f547b7264ed1e68323c858', '0008f20cf451bda0f88ef3b952bde38d67049326be239def4b8b1c0dc18869dc', 3496, 'RGB')",Start_time,2019-10-28 22:27:36.595869,End_time,2019-10-28 22:27:36.613867,Duration,0:00:00.017998
Task,"(256, '2019-10-29T02:27:36.615869', {'digest': 'C38B226D489D312EE7FC940C42E5651046F8827AFF9D8226CF06BAFA6591B217'}, '000cbff5b5a7a85c5a7c52ec7e46f4f4211f9d8cf306870cc08c0609bf36c2e7', '000f78c139a6ad9408817556bfe624ebf89f978ac0f547b7264ed1e68323c858', 3464, 'DB')",Start_time,2019-10-28 22:27:36.615869,End_time,2019-10-28 22:27:36.631865,Duration,0:00:00.015996
Task,"(257, '2019-10-29T02:27:36.632865', <LC.TB_data object at 0x000001BA37F14240>, '00097a0644298cb9ce1813c153669c57a3898d72eb36d6ad67f7c1305192b768', '000cbff5b5a7a85c5a7c52ec7e46f4f4211f9d8cf306870cc08c0609bf36c2e7', 266, 'TB')",Start_time,2019-10-28 22:27:36.632865,End_time,2019-10-28 22:27:36.633869,Duration,0:00:00.001004
Task,"(258, '2019-10-29T02:27:46.792869', 'Relative Genesis Block', '000ff03bc9265bb3c121d07af88897cddd69dee21164228df2ded46996cb7e5e', '00097a0644298cb9ce1813c153669c57a3898d72eb36d6ad67f7c1305192b768', 5268, 'RGB')",Start_time,2019-10-28 22:27:46.792869,End_time,2019-10-28 22:27:46.820887,Duration,0:00:00.028018
Task,"(259, '2019-10-29T02:27:46.821869', {'digest': 'C38B226D489D312EE7FC940C42E5651046F8827AFF9D8226CF06BAFA6591B217'}, '0006e702785abf78b7e48c5988feed913f6b4365eb12d9c1f6fa29463fafc5bd', '000ff03bc9265bb3c121d07af88897cddd69dee21164228df2ded46996cb7e5e', 6816, 'DB')",Start_time,2019-10-28 22:27:46.821869,End_time,2019-10-28 22:27:46.840875,Duration,0:00:00.019006
Task,"(260, '2019-10-29T02:27:46.842869', <LC.TB_data object at 0x000001BA37F01C88>, '0001d0f5db5788d321d3856e7581fca524353a5444a7f371e9a45c021a96c53e', '0006e702785abf78b7e48c5988feed913f6b4365eb12d9c1f6fa29463fafc5bd', 9951, 'TB')",Start_time,2019-10-28 22:27:46.842869,End_time,2019-10-28 22:27:46.866943,Duration,0:00:00.024074
Task,"(261, '2019-10-29T02:27:57.027868', 'Relative Genesis Block', '000eb72909b51ea6376d39025bfdfc82bc33de6657a461df0f003ce149615591', '0001d0f5db5788d321d3856e7581fca524353a5444a7f371e9a45c021a96c53e', 10213, 'RGB')",Start_time,2019-10-28 22:27:57.027868,End_time,2019-10-28 22:27:57.064866,Duration,0:00:00.036998
Task,"(262, '2019-10-29T02:27:57.065868', {'digest': 'C38B226D489D312EE7FC940C42E5651046F8827AFF9D8226CF06BAFA6591B217'}, '0005886b7e1086357b08ddeb5d9f454a300e08943dd58ca80fe995745dffc61d', '000eb72909b51ea6376d39025bfdfc82bc33de6657a461df0f003ce149615591', 388, 'DB')",Start_time,2019-10-28 22:27:57.065868,End_time,2019-10-28 22:27:57.066868,Duration,0:00:00.001000
Task,"(263, '2019-10-29T02:27:57.067867', <LC.TB_data object at 0x000001BA37F016A0>, '00056114a1fcb31a2beb9dc43c3e06dca00d833890f4dd04cf8b10c93548eb9f', '0005886b7e1086357b08ddeb5d9f454a300e08943dd58ca80fe995745dffc61d', 5919, 'TB')",Start_time,2019-10-28 22:27:57.067867,End_time,2019-10-28 22:27:57.086866,Duration,0:00:00.018999
Task,"(264, '2019-10-29T02:28:07.257870', 'Relative Genesis Block', '000a073d12475f7f3e35855fe04a88d740852e3361bbcf85afd43a6d75f4072b', '00056114a1fcb31a2beb9dc43c3e06dca00d833890f4dd04cf8b10c93548eb9f', 1189, 'RGB')",Start_time,2019-10-28 22:28:07.257870,End_time,2019-10-28 22:28:07.262868,Duration,0:00:00.004998
Task,"(265, '2019-10-29T02:28:07.263870', {'digest': 'C38B226D489D312EE7FC940C42E5651046F8827AFF9D8226CF06BAFA6591B217'}, '000b245c2323b69584fb44f3896e12f2952ad4db828ac82ae16627f5bf68e7f6', '000a073d12475f7f3e35855fe04a88d740852e3361bbcf85afd43a6d75f4072b', 752, 'DB')",Start_time,2019-10-28 22:28:07.263870,End_time,2019-10-28 22:28:07.267867,Duration,0:00:00.003997
Task,"(266, '2019-10-29T02:28:07.268870', <LC.TB_data object at 0x000001BA37EE5710>, '000d737af9782de4d0ee0f1484c491711c6850c97ad2d28263a9286dfe763abc', '000b245c2323b69584fb44f3896e12f2952ad4db828ac82ae16627f5bf68e7f6', 979, 'TB')",Start_time,2019-10-28 22:28:07.268870,End_time,2019-10-28 22:28:07.272869,Duration,0:00:00.003999
Task,"(267, '2019-10-29T02:28:17.433794', 'Relative Genesis Block', '0007bc14ecc963713b1ed69059382be8d44ac23d30cee1c484798283f90d891b', '000d737af9782de4d0ee0f1484c491711c6850c97ad2d28263a9286dfe763abc', 1958, 'RGB')",Start_time,2019-10-28 22:28:17.433794,End_time,2019-10-28 22:28:17.442791,Duration,0:00:00.008997
Task,"(268, '2019-10-29T02:28:17.444790', {'digest': 'C38B226D489D312EE7FC940C42E5651046F8827AFF9D8226CF06BAFA6591B217'}, '000fde1c6e397ffbaebc02cf63202c33e2265d3d8e15f9c1449e1bf3c77ffbfc', '0007bc14ecc963713b1ed69059382be8d44ac23d30cee1c484798283f90d891b', 3108, 'DB')",Start_time,2019-10-28 22:28:17.444790,End_time,2019-10-28 22:28:17.452792,Duration,0:00:00.008002
Task,"(269, '2019-10-29T02:28:17.453791', <LC.TB_data object at 0x000001BA37E80780>, '00038b21fcf7e22c9ae1656176b7ff1980ccd6d59e560f634b980bbba09fe9cc', '000fde1c6e397ffbaebc02cf63202c33e2265d3d8e15f9c1449e1bf3c77ffbfc', 5979, 'TB')",Start_time,2019-10-28 22:28:17.453791,End_time,2019-10-28 22:28:17.473788,Duration,0:00:00.019997
Task,"(270, '2019-10-29T02:28:27.667625', 'Relative Genesis Block', '00073f3a5bd153ab4fa94168fd6b5e3dbd40ef1879ada19051a81fa8785a19e3', '00038b21fcf7e22c9ae1656176b7ff1980ccd6d59e560f634b980bbba09fe9cc', 1771, 'RGB')",Start_time,2019-10-28 22:28:27.667625,End_time,2019-10-28 22:28:27.676623,Duration,0:00:00.008998
Task,"(271, '2019-10-29T02:28:27.677664', {'digest': 'C38B226D489D312EE7FC940C42E5651046F8827AFF9D8226CF06BAFA6591B217'}, '000460c779d212297e4bf46eef42a810096d20f60eaf3efd6e4b5822f7af304a', '00073f3a5bd153ab4fa94168fd6b5e3dbd40ef1879ada19051a81fa8785a19e3', 1197, 'DB')",Start_time,2019-10-28 22:28:27.677664,End_time,2019-10-28 22:28:27.684660,Duration,0:00:00.006996
Task,"(272, '2019-10-29T02:28:27.686624', <LC.TB_data object at 0x000001BA37F2F4A8>, '0007828d4c326a21c6f282a9cbb8ddd6f142eab33d45945c05cfdc7eed8992b5', '000460c779d212297e4bf46eef42a810096d20f60eaf3efd6e4b5822f7af304a', 2501, 'TB')",Start_time,2019-10-28 22:28:27.686624,End_time,2019-10-28 22:28:27.696658,Duration,0:00:00.010034
Task,"(273, '2019-10-29T02:28:37.856814', 'Relative Genesis Block', '0004311dbc18cdbbca6ccd4e89f740c36887f324cb959de2e02ba8257999c70b', '0007828d4c326a21c6f282a9cbb8ddd6f142eab33d45945c05cfdc7eed8992b5', 1396, 'RGB')",Start_time,2019-10-28 22:28:37.856814,End_time,2019-10-28 22:28:37.862790,Duration,0:00:00.005976
Task,"(274, '2019-10-29T02:28:37.863791', {'digest': 'C38B226D489D312EE7FC940C42E5651046F8827AFF9D8226CF06BAFA6591B217'}, '0000795491066c65e5efab59563860328a0aeeade1697c5f345b31b2f81b23f7', '0004311dbc18cdbbca6ccd4e89f740c36887f324cb959de2e02ba8257999c70b', 414, 'DB')",Start_time,2019-10-28 22:28:37.863791,End_time,2019-10-28 22:28:37.864790,Duration,0:00:00.000999
Task,"(275, '2019-10-29T02:28:37.865792', <LC.TB_data object at 0x000001BA37F2F2B0>, '000006f39ea931973c50144058b60675fe455d52cfda4f19e4158532d2193803', '0000795491066c65e5efab59563860328a0aeeade1697c5f345b31b2f81b23f7', 7183, 'TB')",Start_time,2019-10-28 22:28:37.865792,End_time,2019-10-28 22:28:37.890824,Duration,0:00:00.025032
Task,"(276, '2019-10-29T02:28:48.048092', 'Relative Genesis Block', '0008fbbcc91410d151f407907b3c3f565de46a39d296920551a6889c958b8bd4', '000006f39ea931973c50144058b60675fe455d52cfda4f19e4158532d2193803', 4820, 'RGB')",Start_time,2019-10-28 22:28:48.048092,End_time,2019-10-28 22:28:48.063094,Duration,0:00:00.015002
Task,"(277, '2019-10-29T02:28:48.065098', {'digest': 'C38B226D489D312EE7FC940C42E5651046F8827AFF9D8226CF06BAFA6591B217'}, '0003121b0e97da16edd68c41c00109b3e283a2bbce2c8fd4e50ab048cc578801', '0008fbbcc91410d151f407907b3c3f565de46a39d296920551a6889c958b8bd4', 5288, 'DB')",Start_time,2019-10-28 22:28:48.065098,End_time,2019-10-28 22:28:48.081124,Duration,0:00:00.016026
Task,"(278, '2019-10-29T02:28:48.082093', <LC.TB_data object at 0x000001BA37F2FE48>, '000b163c08bb6acb4f8b8e9f367e4ea8b42f47aa5dd59428e71b74cf62b8bc6a', '0003121b0e97da16edd68c41c00109b3e283a2bbce2c8fd4e50ab048cc578801', 6168, 'TB')",Start_time,2019-10-28 22:28:48.082093,End_time,2019-10-28 22:28:48.099124,Duration,0:00:00.017031
Task,"(279, '2019-10-29T02:28:58.273637', 'Relative Genesis Block', '0003b3a027f08788a9442204e9a755f23abd8a654b49779bcc0288ecce212737', '000b163c08bb6acb4f8b8e9f367e4ea8b42f47aa5dd59428e71b74cf62b8bc6a', 11649, 'RGB')",Start_time,2019-10-28 22:28:58.273637,End_time,2019-10-28 22:28:58.310668,Duration,0:00:00.037031
Task,"(280, '2019-10-29T02:28:58.311636', {'digest': 'C38B226D489D312EE7FC940C42E5651046F8827AFF9D8226CF06BAFA6591B217'}, '000a7742cba4c74bdd7aea69875c84e72f816482df0e4c82061d59b45ca0b335', '0003b3a027f08788a9442204e9a755f23abd8a654b49779bcc0288ecce212737', 5673, 'DB')",Start_time,2019-10-28 22:28:58.311636,End_time,2019-10-28 22:28:58.323670,Duration,0:00:00.012034
Task,"(281, '2019-10-29T02:28:58.324636', <LC.TB_data object at 0x000001BA37F2FFD0>, '0003667976d370ef38a02d4bfcf6feff71d3c46af4122da9eb400343bc93bbfd', '000a7742cba4c74bdd7aea69875c84e72f816482df0e4c82061d59b45ca0b335', 193, 'TB')",Start_time,2019-10-28 22:28:58.324636,End_time,2019-10-28 22:28:58.324636,Duration,0:00:00
Task,"(282, '2019-10-29T02:29:08.490954', 'Relative Genesis Block', '00010c7de89c6947aad3e1c7aab7aafda461c9aa4f3e6a4ae5ac2480097f431a', '0003667976d370ef38a02d4bfcf6feff71d3c46af4122da9eb400343bc93bbfd', 9028, 'RGB')",Start_time,2019-10-28 22:29:08.490954,End_time,2019-10-28 22:29:08.522952,Duration,0:00:00.031998
Task,"(283, '2019-10-29T02:29:08.522952', {'digest': 'C38B226D489D312EE7FC940C42E5651046F8827AFF9D8226CF06BAFA6591B217'}, '0004515ffeaafe563ef1cf9a8d848e9aae6f09f1e2fdc61cf6f32d826ce5ee72', '00010c7de89c6947aad3e1c7aab7aafda461c9aa4f3e6a4ae5ac2480097f431a', 207, 'DB')",Start_time,2019-10-28 22:29:08.522952,End_time,2019-10-28 22:29:08.523950,Duration,0:00:00.000998
Task,"(284, '2019-10-29T02:29:08.524948', <LC.TB_data object at 0x000001BA37F40240>, '000c2e460427b03c4bc9782a820f0203db27b4854e6ab1d037295d4e69aff0fd', '0004515ffeaafe563ef1cf9a8d848e9aae6f09f1e2fdc61cf6f32d826ce5ee72', 2749, 'TB')",Start_time,2019-10-28 22:29:08.524948,End_time,2019-10-28 22:29:08.529983,Duration,0:00:00.005035
Task,"(285, '2019-10-29T02:29:18.694800', 'Relative Genesis Block', '00076f8c3480c01946e06d56a3f3ca854d813d44b2794ab7727e8a0669c74fe6', '000c2e460427b03c4bc9782a820f0203db27b4854e6ab1d037295d4e69aff0fd', 4213, 'RGB')",Start_time,2019-10-28 22:29:18.694800,End_time,2019-10-28 22:29:18.720833,Duration,0:00:00.026033
Task,"(286, '2019-10-29T02:29:18.721798', {'digest': 'C38B226D489D312EE7FC940C42E5651046F8827AFF9D8226CF06BAFA6591B217'}, '00008e59d1c51129f867836807b96b0128f101eabbf123232267c9284f15890e', '00076f8c3480c01946e06d56a3f3ca854d813d44b2794ab7727e8a0669c74fe6', 2600, 'DB')",Start_time,2019-10-28 22:29:18.721798,End_time,2019-10-28 22:29:18.731829,Duration,0:00:00.010031
Task,"(287, '2019-10-29T02:29:18.732794', <LC.TB_data object at 0x000001BA37F40828>, '00083b145307a76b06350d011db091cfd9a452b983dec1bab0c2f28e120e5f10', '00008e59d1c51129f867836807b96b0128f101eabbf123232267c9284f15890e', 4262, 'TB')",Start_time,2019-10-28 22:29:18.732794,End_time,2019-10-28 22:29:18.743828,Duration,0:00:00.011034
Task,"(288, '2019-10-29T02:29:28.933622', 'Relative Genesis Block', '000a1cef36646df5a5fcd1a65725b02ba53eba75818da42ea5b62d888f3268ce', '00083b145307a76b06350d011db091cfd9a452b983dec1bab0c2f28e120e5f10', 3303, 'RGB')",Start_time,2019-10-28 22:29:28.933622,End_time,2019-10-28 22:29:28.947648,Duration,0:00:00.014026
Task,"(289, '2019-10-29T02:29:28.948624', {'digest': 'C38B226D489D312EE7FC940C42E5651046F8827AFF9D8226CF06BAFA6591B217'}, '000094dbc9a9eb28670fe03ade29b07e1177438a4d524d6849004ea4fec0d205', '000a1cef36646df5a5fcd1a65725b02ba53eba75818da42ea5b62d888f3268ce', 3551, 'DB')",Start_time,2019-10-28 22:29:28.948624,End_time,2019-10-28 22:29:28.964620,Duration,0:00:00.015996
Task,"(290, '2019-10-29T02:29:28.965623', <LC.TB_data object at 0x000001BA37F2FE10>, '000e835e5e2a3f7357d460e07d012a2a75bb3d83df8ce80bd66159385efdbd1d', '000094dbc9a9eb28670fe03ade29b07e1177438a4d524d6849004ea4fec0d205', 4963, 'TB')",Start_time,2019-10-28 22:29:28.965623,End_time,2019-10-28 22:29:28.986621,Duration,0:00:00.020998
Task,"(291, '2019-10-29T02:29:39.186846', 'Relative Genesis Block', '000d426c1a6c3540b02034320dc30f9a51f88bd7b780cc49cca9262e013bdc68', '000e835e5e2a3f7357d460e07d012a2a75bb3d83df8ce80bd66159385efdbd1d', 407, 'RGB')",Start_time,2019-10-28 22:29:39.186846,End_time,2019-10-28 22:29:39.188845,Duration,0:00:00.001999
Task,"(292, '2019-10-29T02:29:39.190844', {'digest': 'C38B226D489D312EE7FC940C42E5651046F8827AFF9D8226CF06BAFA6591B217'}, '0000694987263430b2e3fcc6e2b38221f62652f095033ca0f2afbb75bfcec87e', '000d426c1a6c3540b02034320dc30f9a51f88bd7b780cc49cca9262e013bdc68', 5250, 'DB')",Start_time,2019-10-28 22:29:39.190844,End_time,2019-10-28 22:29:39.208877,Duration,0:00:00.018033
Task,"(293, '2019-10-29T02:29:39.209845', <LC.TB_data object at 0x000001BA37F2FA58>, '0005ce9a7e5ca5fa8c8d272e6ddede35a15495a3194ba48892ae5d7ab6af432e', '0000694987263430b2e3fcc6e2b38221f62652f095033ca0f2afbb75bfcec87e', 11341, 'TB')",Start_time,2019-10-28 22:29:39.209845,End_time,2019-10-28 22:29:39.248839,Duration,0:00:00.038994
Task,"(294, '2019-10-29T02:29:49.447061', 'Relative Genesis Block', '0006edcb7f9e07696933d20c8c8290ff6fc085bf8ab282e89fa923848d9da4f6', '0005ce9a7e5ca5fa8c8d272e6ddede35a15495a3194ba48892ae5d7ab6af432e', 2, 'RGB')",Start_time,2019-10-28 22:29:49.447061,End_time,2019-10-28 22:29:49.447061,Duration,0:00:00
Task,"(295, '2019-10-29T02:29:49.448095', {'digest': 'C38B226D489D312EE7FC940C42E5651046F8827AFF9D8226CF06BAFA6591B217'}, '000cd01b5689fdebfc2353343ad3f15dd7a4fcb62e785d119ee2e810131c81d1', '0006edcb7f9e07696933d20c8c8290ff6fc085bf8ab282e89fa923848d9da4f6', 873, 'DB')",Start_time,2019-10-28 22:29:49.448095,End_time,2019-10-28 22:29:49.451061,Duration,0:00:00.002966
Task,"(296, '2019-10-29T02:29:49.454062', <LC.TB_data object at 0x000001BA37EE5828>, '000e7ab4816c1569b5b98f06dae8204cbd0deff4426d6e5ea1002de7603b61bf', '000cd01b5689fdebfc2353343ad3f15dd7a4fcb62e785d119ee2e810131c81d1', 3630, 'TB')",Start_time,2019-10-28 22:29:49.454062,End_time,2019-10-28 22:29:49.465058,Duration,0:00:00.010996
Task,"(297, '2019-10-29T02:29:59.630512', 'Relative Genesis Block', '0004f8f836a357f7faf7f9b93527def26ad57349b90894553c08c4f2f6cf1499', '000e7ab4816c1569b5b98f06dae8204cbd0deff4426d6e5ea1002de7603b61bf', 7851, 'RGB')",Start_time,2019-10-28 22:29:59.630512,End_time,2019-10-28 22:29:59.661544,Duration,0:00:00.031032
Task,"(298, '2019-10-29T02:29:59.662510', {'digest': 'C38B226D489D312EE7FC940C42E5651046F8827AFF9D8226CF06BAFA6591B217'}, '000695c3602f6f6c2d96c15124b64c7dec5336e70acb75bbcad2031828f5a073', '0004f8f836a357f7faf7f9b93527def26ad57349b90894553c08c4f2f6cf1499', 672, 'DB')",Start_time,2019-10-28 22:29:59.662510,End_time,2019-10-28 22:29:59.666509,Duration,0:00:00.003999
Task,"(299, '2019-10-29T02:29:59.667510', <LC.TB_data object at 0x000001BA37E805F8>, '00033d7e4311a51932beaa5b5666f538e2feda13107d458ca829a3382ba847cb', '000695c3602f6f6c2d96c15124b64c7dec5336e70acb75bbcad2031828f5a073', 7494, 'TB')",Start_time,2019-10-28 22:29:59.667510,End_time,2019-10-28 22:29:59.695541,Duration,0:00:00.028031
Task,"(300, '2019-10-29T02:30:09.877945', 'Relative Genesis Block', '0000613a8af66830f913267f0618117e7231c249a0cc737b5078dd875cb43eff', '00033d7e4311a51932beaa5b5666f538e2feda13107d458ca829a3382ba847cb', 6164, 'RGB')",Start_time,2019-10-28 22:30:09.877945,End_time,2019-10-28 22:30:09.897947,Duration,0:00:00.020002
Task,"(301, '2019-10-29T02:30:09.898946', {'digest': 'C38B226D489D312EE7FC940C42E5651046F8827AFF9D8226CF06BAFA6591B217'}, '000c034d749efa582d6fee2ef50dfc189f811eb16343887a5fabb8b9c4980e19', '0000613a8af66830f913267f0618117e7231c249a0cc737b5078dd875cb43eff', 9513, 'DB')",Start_time,2019-10-28 22:30:09.898946,End_time,2019-10-28 22:30:09.930942,Duration,0:00:00.031996
Task,"(302, '2019-10-29T02:30:09.931948', <LC.TB_data object at 0x000001BA37F01B00>, '0008e8f23e8d804f34e0261ea77a582814543c9278341ee800877ea018257d3a', '000c034d749efa582d6fee2ef50dfc189f811eb16343887a5fabb8b9c4980e19', 15048, 'TB')",Start_time,2019-10-28 22:30:09.931948,End_time,2019-10-28 22:30:09.965984,Duration,0:00:00.034036
Task,"(303, '2019-10-29T02:30:20.230947', 'Relative Genesis Block', '0006d4bfe2325c20b19adc368f3f14c730eb8ff2af11ba206f5778a742186a51', '0008e8f23e8d804f34e0261ea77a582814543c9278341ee800877ea018257d3a', 1027, 'RGB')",Start_time,2019-10-28 22:30:20.230947,End_time,2019-10-28 22:30:20.234946,Duration,0:00:00.003999
Task,"(304, '2019-10-29T02:30:20.235948', {'digest': 'C38B226D489D312EE7FC940C42E5651046F8827AFF9D8226CF06BAFA6591B217'}, '000b64a7f052ac2ef7f28a70046a87cd255a8ea614c926a5daf02f18f3c13d85', '0006d4bfe2325c20b19adc368f3f14c730eb8ff2af11ba206f5778a742186a51', 6687, 'DB')",Start_time,2019-10-28 22:30:20.235948,End_time,2019-10-28 22:30:20.261982,Duration,0:00:00.026034
Task,"(305, '2019-10-29T02:30:20.262979', <LC.TB_data object at 0x000001BA37F14438>, '00039c77f1cd6f017f438de79e5fb67af87f8dfe56dda37b5425f9c7be5afae8', '000b64a7f052ac2ef7f28a70046a87cd255a8ea614c926a5daf02f18f3c13d85', 211, 'TB')",Start_time,2019-10-28 22:30:20.262979,End_time,2019-10-28 22:30:20.263944,Duration,0:00:00.000965
Task,"(306, '2019-10-29T02:30:30.447193', 'Relative Genesis Block', '000513f983b9a76f8a4560c6dcf74dde40b30e6c0356810bf694c84fe6db4bbe', '00039c77f1cd6f017f438de79e5fb67af87f8dfe56dda37b5425f9c7be5afae8', 19650, 'RGB')",Start_time,2019-10-28 22:30:30.447193,End_time,2019-10-28 22:30:30.504226,Duration,0:00:00.057033
Task,"(307, '2019-10-29T02:30:30.504226', {'digest': 'C38B226D489D312EE7FC940C42E5651046F8827AFF9D8226CF06BAFA6591B217'}, '000cf7fbde29eb7266ee20f93c59c99b70c7ee63ad570e0cd69a717f448d93fc', '000513f983b9a76f8a4560c6dcf74dde40b30e6c0356810bf694c84fe6db4bbe', 1890, 'DB')",Start_time,2019-10-28 22:30:30.504226,End_time,2019-10-28 22:30:30.509191,Duration,0:00:00.004965
Task,"(308, '2019-10-29T02:30:30.510194', <LC.TB_data object at 0x000001BA37ED3A90>, '00091fca2f1c8d947207d26c7af48323566a273969559ec26a96deff56d76e8c', '000cf7fbde29eb7266ee20f93c59c99b70c7ee63ad570e0cd69a717f448d93fc', 4984, 'TB')",Start_time,2019-10-28 22:30:30.510194,End_time,2019-10-28 22:30:30.523190,Duration,0:00:00.012996
Task,"(309, '2019-10-29T02:30:40.694191', 'Relative Genesis Block', '0005192e6b2624d58929cb045f7c0df7c1a9ca7f43f69f4bd600f1efffb49235', '00091fca2f1c8d947207d26c7af48323566a273969559ec26a96deff56d76e8c', 4239, 'RGB')",Start_time,2019-10-28 22:30:40.694191,End_time,2019-10-28 22:30:40.709190,Duration,0:00:00.014999
Task,"(310, '2019-10-29T02:30:40.711194', {'digest': 'C38B226D489D312EE7FC940C42E5651046F8827AFF9D8226CF06BAFA6591B217'}, '000036cf44a96cef8d7919b0ed3b633ce573ef9ffcfe0ea74a9e180fecb19102', '0005192e6b2624d58929cb045f7c0df7c1a9ca7f43f69f4bd600f1efffb49235', 3815, 'DB')",Start_time,2019-10-28 22:30:40.711194,End_time,2019-10-28 22:30:40.722193,Duration,0:00:00.010999
Task,"(311, '2019-10-29T02:30:40.723192', <LC.TB_data object at 0x000001BA37EEA358>, '0004ea4f4c638c515c2f7fa6a042047a114199d2fb436d0ba82026644e793df2', '000036cf44a96cef8d7919b0ed3b633ce573ef9ffcfe0ea74a9e180fecb19102', 6805, 'TB')",Start_time,2019-10-28 22:30:40.723192,End_time,2019-10-28 22:30:40.744192,Duration,0:00:00.021000
Task,"(312, '2019-10-29T02:30:50.896553', 'Relative Genesis Block', '0005a389b5723f8f6c1eb4b03d01d6ac466b234186c79fc25b6ea333cb8f09a5', '0004ea4f4c638c515c2f7fa6a042047a114199d2fb436d0ba82026644e793df2', 1550, 'RGB')",Start_time,2019-10-28 22:30:50.896553,End_time,2019-10-28 22:30:50.902552,Duration,0:00:00.005999
Task,"(313, '2019-10-29T02:30:50.903558', {'digest': 'C38B226D489D312EE7FC940C42E5651046F8827AFF9D8226CF06BAFA6591B217'}, '0004d76cb7b984dbf067e2754e57bc22927984cb1c11bcd36ed76f4aa3b3f143', '0005a389b5723f8f6c1eb4b03d01d6ac466b234186c79fc25b6ea333cb8f09a5', 795, 'DB')",Start_time,2019-10-28 22:30:50.903558,End_time,2019-10-28 22:30:50.907549,Duration,0:00:00.003991
Task,"(314, '2019-10-29T02:30:50.908555', <LC.TB_data object at 0x000001BA37EFACF8>, '000eb313c50719c38f6d6c5170b325e8aec793ad9425ba1557c6bae27e39600c', '0004d76cb7b984dbf067e2754e57bc22927984cb1c11bcd36ed76f4aa3b3f143', 8057, 'TB')",Start_time,2019-10-28 22:30:50.908555,End_time,2019-10-28 22:30:50.937584,Duration,0:00:00.029029
Task,"(315, '2019-10-29T02:31:01.165179', 'Relative Genesis Block', '0003af9d7e1b66b1f7e9286afbd8c51c4635d18ad67743f12767d8d9a1f61609', '000eb313c50719c38f6d6c5170b325e8aec793ad9425ba1557c6bae27e39600c', 9517, 'RGB')",Start_time,2019-10-28 22:31:01.165179,End_time,2019-10-28 22:31:01.204176,Duration,0:00:00.038997
Task,"(316, '2019-10-29T02:31:01.205181', {'digest': 'C38B226D489D312EE7FC940C42E5651046F8827AFF9D8226CF06BAFA6591B217'}, '000969ffc045ccf7a8b58d0ae1a579cf6843e00d6361eeb84179d276f8c9fe68', '0003af9d7e1b66b1f7e9286afbd8c51c4635d18ad67743f12767d8d9a1f61609', 2917, 'DB')",Start_time,2019-10-28 22:31:01.205181,End_time,2019-10-28 22:31:01.211211,Duration,0:00:00.006030
Task,"(317, '2019-10-29T02:31:01.212174', <LC.TB_data object at 0x000001BA37F1CD68>, '000a4db0845983d129b7f0625d950093bcae2ad31730bf9e6d55570afd999708', '000969ffc045ccf7a8b58d0ae1a579cf6843e00d6361eeb84179d276f8c9fe68', 1582, 'TB')",Start_time,2019-10-28 22:31:01.212174,End_time,2019-10-28 22:31:01.216177,Duration,0:00:00.004003
Task,"(318, '2019-10-29T02:31:11.383212', 'Relative Genesis Block', '000868d40f0a7b3d6f872dfd0fae89181c2e8d28963fb2da2b854ea61717bbd9', '000a4db0845983d129b7f0625d950093bcae2ad31730bf9e6d55570afd999708', 4242, 'RGB')",Start_time,2019-10-28 22:31:11.383212,End_time,2019-10-28 22:31:11.403180,Duration,0:00:00.019968
Task,"(319, '2019-10-29T02:31:11.404175', {'digest': 'C38B226D489D312EE7FC940C42E5651046F8827AFF9D8226CF06BAFA6591B217'}, '000272702766383812f439e2908ed600a2e2e18d27a5391bc272ab36e39e7bc6', '000868d40f0a7b3d6f872dfd0fae89181c2e8d28963fb2da2b854ea61717bbd9', 10088, 'DB')",Start_time,2019-10-28 22:31:11.404175,End_time,2019-10-28 22:31:11.430217,Duration,0:00:00.026042
Task,"(320, '2019-10-29T02:31:11.431218', <LC.TB_data object at 0x000001BA37F1C1D0>, '000b85446bbb3e7c8be43955089ad7fe83ce3ca5885f06aae7e3baec7ec36a7a', '000272702766383812f439e2908ed600a2e2e18d27a5391bc272ab36e39e7bc6', 3263, 'TB')",Start_time,2019-10-28 22:31:11.431218,End_time,2019-10-28 22:31:11.440210,Duration,0:00:00.008992
Task,"(321, '2019-10-29T02:31:21.610178', 'Relative Genesis Block', '000782c5729a125cf0840a2b53d18454db29d4827225f159c7499af35974f3b5', '000b85446bbb3e7c8be43955089ad7fe83ce3ca5885f06aae7e3baec7ec36a7a', 5843, 'RGB')",Start_time,2019-10-28 22:31:21.610178,End_time,2019-10-28 22:31:21.632177,Duration,0:00:00.021999
Task,"(322, '2019-10-29T02:31:21.634178', {'digest': 'C38B226D489D312EE7FC940C42E5651046F8827AFF9D8226CF06BAFA6591B217'}, '00073a6fea648a3081c2ea9b878724485ff7df0507de7e39ac81d4618dfa4945', '000782c5729a125cf0840a2b53d18454db29d4827225f159c7499af35974f3b5', 6760, 'DB')",Start_time,2019-10-28 22:31:21.634178,End_time,2019-10-28 22:31:21.652211,Duration,0:00:00.018033
Task,"(323, '2019-10-29T02:31:21.653175', <LC.TB_data object at 0x000001BA37F29208>, '000218fb2546521ff64d0f2b19cd899d08c4825e2bce0bd838fe30266d0c7442', '00073a6fea648a3081c2ea9b878724485ff7df0507de7e39ac81d4618dfa4945', 2181, 'TB')",Start_time,2019-10-28 22:31:21.653175,End_time,2019-10-28 22:31:21.658177,Duration,0:00:00.005002
Task,"(324, '2019-10-29T02:31:31.825611', 'Relative Genesis Block', '000645b5cbd03c27847ae8eab9142da9f04ac577358ad074764271e3711770a3', '000218fb2546521ff64d0f2b19cd899d08c4825e2bce0bd838fe30266d0c7442', 10351, 'RGB')",Start_time,2019-10-28 22:31:31.825611,End_time,2019-10-28 22:31:31.858645,Duration,0:00:00.033034
Task,"(325, '2019-10-29T02:31:31.859618', {'digest': 'C38B226D489D312EE7FC940C42E5651046F8827AFF9D8226CF06BAFA6591B217'}, '000378c3b00ffb220414d6154de05a2cbd73f9ac3955e1a16076bc437c67289f', '000645b5cbd03c27847ae8eab9142da9f04ac577358ad074764271e3711770a3', 3746, 'DB')",Start_time,2019-10-28 22:31:31.859618,End_time,2019-10-28 22:31:31.867645,Duration,0:00:00.008027
Task,"(326, '2019-10-29T02:31:31.868609', <LC.TB_data object at 0x000001BA37F295C0>, '0005621d9f8b85e3d6b2ab7883bec523ea5fbf753c4692a1d39215ee393dd8c4', '000378c3b00ffb220414d6154de05a2cbd73f9ac3955e1a16076bc437c67289f', 1456, 'TB')",Start_time,2019-10-28 22:31:31.868609,End_time,2019-10-28 22:31:31.872611,Duration,0:00:00.004002
Task,"(327, '2019-10-29T02:31:42.079613', 'Relative Genesis Block', '000002629d15cef927cd882e1af5d305ae61598e077fe58234531840f5a597bd', '0005621d9f8b85e3d6b2ab7883bec523ea5fbf753c4692a1d39215ee393dd8c4', 559, 'RGB')",Start_time,2019-10-28 22:31:42.079613,End_time,2019-10-28 22:31:42.082611,Duration,0:00:00.002998
Task,"(328, '2019-10-29T02:31:42.083612', {'digest': 'C38B226D489D312EE7FC940C42E5651046F8827AFF9D8226CF06BAFA6591B217'}, '000a8b55b569ea8fa7b3815e2daa3a7f752a936a705db023857f898b1896604d', '000002629d15cef927cd882e1af5d305ae61598e077fe58234531840f5a597bd', 5308, 'DB')",Start_time,2019-10-28 22:31:42.083612,End_time,2019-10-28 22:31:42.108630,Duration,0:00:00.025018
Task,"(329, '2019-10-29T02:31:42.109611', <LC.TB_data object at 0x000001BA37F1C198>, '000d240c1080ede9d7080edccf10b72d67ae0a8e712fe74a4f8f0e2942cceab5', '000a8b55b569ea8fa7b3815e2daa3a7f752a936a705db023857f898b1896604d', 1268, 'TB')",Start_time,2019-10-28 22:31:42.109611,End_time,2019-10-28 22:31:42.111645,Duration,0:00:00.002034
Task,"(330, '2019-10-29T02:31:52.262965', 'Relative Genesis Block', '000e36435d1329858ff98cbe3bbb638a63a4c32f90184dd3b808a7d384e6075f', '000d240c1080ede9d7080edccf10b72d67ae0a8e712fe74a4f8f0e2942cceab5', 1430, 'RGB')",Start_time,2019-10-28 22:31:52.262965,End_time,2019-10-28 22:31:52.268966,Duration,0:00:00.006001
Task,"(331, '2019-10-29T02:31:52.269969', {'digest': 'C38B226D489D312EE7FC940C42E5651046F8827AFF9D8226CF06BAFA6591B217'}, '0007787595d2f523a2cdb15fc548bd0c7603992eb367e4df1cfdece876bb1e09', '000e36435d1329858ff98cbe3bbb638a63a4c32f90184dd3b808a7d384e6075f', 299, 'DB')",Start_time,2019-10-28 22:31:52.269969,End_time,2019-10-28 22:31:52.272963,Duration,0:00:00.002994
Task,"(332, '2019-10-29T02:31:52.273968', <LC.TB_data object at 0x000001BA37F0AA90>, '00027fed0e3958a82a62e83541ad58df4ea1a43035b6e759df687d2baa9688ff', '0007787595d2f523a2cdb15fc548bd0c7603992eb367e4df1cfdece876bb1e09', 381, 'TB')",Start_time,2019-10-28 22:31:52.273968,End_time,2019-10-28 22:31:52.275967,Duration,0:00:00.001999
Task,"(333, '2019-10-29T02:32:02.435571', 'Relative Genesis Block', '000c299fa0a2960922154b4c910a28f184fdd3333f4fe5e31d90f45dd4fd926b', '00027fed0e3958a82a62e83541ad58df4ea1a43035b6e759df687d2baa9688ff', 4112, 'RGB')",Start_time,2019-10-28 22:32:02.435571,End_time,2019-10-28 22:32:02.455566,Duration,0:00:00.019995
Task,"(334, '2019-10-29T02:32:02.456581', {'digest': 'C38B226D489D312EE7FC940C42E5651046F8827AFF9D8226CF06BAFA6591B217'}, '00020f99e3339f10a7b93b57ce50955b784658de35fc53063490980b6e0d0ae2', '000c299fa0a2960922154b4c910a28f184fdd3333f4fe5e31d90f45dd4fd926b', 1318, 'DB')",Start_time,2019-10-28 22:32:02.456581,End_time,2019-10-28 22:32:02.463608,Duration,0:00:00.007027
Task,"(335, '2019-10-29T02:32:02.464565', <LC.TB_data object at 0x000001BA37EDC748>, '000fbe89af6b19d1dd4b768e2d930a150442b603c9c4a82b51c8353cb8f16e39', '00020f99e3339f10a7b93b57ce50955b784658de35fc53063490980b6e0d0ae2', 1299, 'TB')",Start_time,2019-10-28 22:32:02.464565,End_time,2019-10-28 22:32:02.468566,Duration,0:00:00.004001
Task,"(336, '2019-10-29T02:32:12.644587', 'Relative Genesis Block', '000ece0142615de4f62032853ef134bd8e46b28c4855a17615291012b40e0050', '000fbe89af6b19d1dd4b768e2d930a150442b603c9c4a82b51c8353cb8f16e39', 9184, 'RGB')",Start_time,2019-10-28 22:32:12.644587,End_time,2019-10-28 22:32:12.675602,Duration,0:00:00.031015
Task,"(337, '2019-10-29T02:32:12.675602', {'digest': 'C38B226D489D312EE7FC940C42E5651046F8827AFF9D8226CF06BAFA6591B217'}, '0008ea816930bd5c9a26a6144030b5e2d34ccff53acea989181346bbf1540216', '000ece0142615de4f62032853ef134bd8e46b28c4855a17615291012b40e0050', 4330, 'DB')",Start_time,2019-10-28 22:32:12.675602,End_time,2019-10-28 22:32:12.686565,Duration,0:00:00.010963
Task,"(338, '2019-10-29T02:32:12.687596', <LC.TB_data object at 0x000001BA37F01F60>, '0003f582265d57f48824d881a84d3caea36dfb4a604ff312f28593e7e24f1faa', '0008ea816930bd5c9a26a6144030b5e2d34ccff53acea989181346bbf1540216', 1578, 'TB')",Start_time,2019-10-28 22:32:12.687596,End_time,2019-10-28 22:32:12.691601,Duration,0:00:00.004005
Task,"(339, '2019-10-29T02:32:22.837941', 'Relative Genesis Block', '000f0ad6d7ded843a841f662eab8ef6422650dde6455b608cfcf31c8f14f2b64', '0003f582265d57f48824d881a84d3caea36dfb4a604ff312f28593e7e24f1faa', 634, 'RGB')",Start_time,2019-10-28 22:32:22.837941,End_time,2019-10-28 22:32:22.839969,Duration,0:00:00.002028
Task,"(340, '2019-10-29T02:32:22.840937', {'digest': 'C38B226D489D312EE7FC940C42E5651046F8827AFF9D8226CF06BAFA6591B217'}, '00017ddb6fcc50900a25b96f7b58631400bf065d852fce4ee67967781dadb4f4', '000f0ad6d7ded843a841f662eab8ef6422650dde6455b608cfcf31c8f14f2b64', 1494, 'DB')",Start_time,2019-10-28 22:32:22.840937,End_time,2019-10-28 22:32:22.845938,Duration,0:00:00.005001
Task,"(341, '2019-10-29T02:32:22.846973', <LC.TB_data object at 0x000001BA37E80320>, '0003b9bf9a7d903264e9f6e00cc64b0ba259e7bdfae9625b275a429ba29f4952', '00017ddb6fcc50900a25b96f7b58631400bf065d852fce4ee67967781dadb4f4', 2548, 'TB')",Start_time,2019-10-28 22:32:22.846973,End_time,2019-10-28 22:32:22.855932,Duration,0:00:00.008959
Task,"(342, '2019-10-29T02:32:33.048934', 'Relative Genesis Block', '000272312f0ab6445eaf357d8714e3ab9ba44820cd3ac4e2530e7b1175ee39dc', '0003b9bf9a7d903264e9f6e00cc64b0ba259e7bdfae9625b275a429ba29f4952', 7448, 'RGB')",Start_time,2019-10-28 22:32:33.048934,End_time,2019-10-28 22:32:33.084935,Duration,0:00:00.036001
Task,"(343, '2019-10-29T02:32:33.086935', {'digest': 'C38B226D489D312EE7FC940C42E5651046F8827AFF9D8226CF06BAFA6591B217'}, '000739fb6ccf565113f808287b523453b49b888ab8259a88739d014f90443c95', '000272312f0ab6445eaf357d8714e3ab9ba44820cd3ac4e2530e7b1175ee39dc', 2938, 'DB')",Start_time,2019-10-28 22:32:33.086935,End_time,2019-10-28 22:32:33.100934,Duration,0:00:00.013999
Task,"(344, '2019-10-29T02:32:33.101934', <LC.TB_data object at 0x000001BA37F2F0B8>, '00089d1c5d108825614a1a1db1f93fd488d4d05ca9f9be62479d7c6d68b7cbd6', '000739fb6ccf565113f808287b523453b49b888ab8259a88739d014f90443c95', 17422, 'TB')",Start_time,2019-10-28 22:32:33.101934,End_time,2019-10-28 22:32:33.185934,Duration,0:00:00.084000
Task,"(345, '2019-10-29T02:32:43.368280', 'Relative Genesis Block', '00078fea9837defb40c9c5a10146e7f85a07f8b70c2c45af5e1a085f9566c6c6', '00089d1c5d108825614a1a1db1f93fd488d4d05ca9f9be62479d7c6d68b7cbd6', 1179, 'RGB')",Start_time,2019-10-28 22:32:43.368280,End_time,2019-10-28 22:32:43.372280,Duration,0:00:00.004000
Task,"(346, '2019-10-29T02:32:43.374279', {'digest': 'C38B226D489D312EE7FC940C42E5651046F8827AFF9D8226CF06BAFA6591B217'}, '000c0e10f28dad6164cd9a6219893e4e0ec8e9b3ef86e55893d8343d7c3d98e2', '00078fea9837defb40c9c5a10146e7f85a07f8b70c2c45af5e1a085f9566c6c6', 1603, 'DB')",Start_time,2019-10-28 22:32:43.374279,End_time,2019-10-28 22:32:43.380281,Duration,0:00:00.006002
Task,"(347, '2019-10-29T02:32:43.383278', <LC.TB_data object at 0x000001BA37F2FBE0>, '000abb5599364bae71ab30d9508ed4f70735622617d1c70e96de57d14a653108', '000c0e10f28dad6164cd9a6219893e4e0ec8e9b3ef86e55893d8343d7c3d98e2', 5835, 'TB')",Start_time,2019-10-28 22:32:43.383278,End_time,2019-10-28 22:32:43.411275,Duration,0:00:00.027997
Task,"(348, '2019-10-29T02:32:53.583840', 'Relative Genesis Block', '000203308b393d5162ba45019adaadf547a4ca76c6bf36e026ae48418aaf899f', '000abb5599364bae71ab30d9508ed4f70735622617d1c70e96de57d14a653108', 4160, 'RGB')",Start_time,2019-10-28 22:32:53.583840,End_time,2019-10-28 22:32:53.600836,Duration,0:00:00.016996
Task,"(349, '2019-10-29T02:32:53.602838', {'digest': 'C38B226D489D312EE7FC940C42E5651046F8827AFF9D8226CF06BAFA6591B217'}, '000e011eddd13557faf369b4edf778b3d87653f29566c0b775ab291121f58fdc', '000203308b393d5162ba45019adaadf547a4ca76c6bf36e026ae48418aaf899f', 7595, 'DB')",Start_time,2019-10-28 22:32:53.602838,End_time,2019-10-28 22:32:53.628834,Duration,0:00:00.025996
Task,"(350, '2019-10-29T02:32:53.629837', <LC.TB_data object at 0x000001BA37F40588>, '000fa9c6c5d1549a8029086780be5d2e02f889b877b999924936cc52b5ab3683', '000e011eddd13557faf369b4edf778b3d87653f29566c0b775ab291121f58fdc', 2183, 'TB')",Start_time,2019-10-28 22:32:53.629837,End_time,2019-10-28 22:32:53.636839,Duration,0:00:00.007002
Task,"(351, '2019-10-29T02:33:03.819587', 'Relative Genesis Block', '0002b6fb927f7c0a0fdc6a1c04b4e572f4a841dd0b84a96149c0c43c26dce7cf', '000fa9c6c5d1549a8029086780be5d2e02f889b877b999924936cc52b5ab3683', 4674, 'RGB')",Start_time,2019-10-28 22:33:03.819587,End_time,2019-10-28 22:33:03.839583,Duration,0:00:00.019996
Task,"(352, '2019-10-29T02:33:03.841584', {'digest': 'C38B226D489D312EE7FC940C42E5651046F8827AFF9D8226CF06BAFA6591B217'}, '0006064e4c849a102796232b64485bcbb714257d38fec7abb9d66ee9947f2016', '0002b6fb927f7c0a0fdc6a1c04b4e572f4a841dd0b84a96149c0c43c26dce7cf', 5172, 'DB')",Start_time,2019-10-28 22:33:03.841584,End_time,2019-10-28 22:33:03.858615,Duration,0:00:00.017031
Task,"(353, '2019-10-29T02:33:03.859617', <LC.TB_data object at 0x000001BA37F40400>, '0007eb58ae1450080f63fd470f9ae054e40f390111ef6d6634751c36d6d5add2', '0006064e4c849a102796232b64485bcbb714257d38fec7abb9d66ee9947f2016', 373, 'TB')",Start_time,2019-10-28 22:33:03.859617,End_time,2019-10-28 22:33:03.860617,Duration,0:00:00.001000
Task,"(354, '2019-10-29T02:33:14.029261', 'Relative Genesis Block', '000b40535038db44d06931400427365681ce6daa26eeaa6808dcc0b29c41481d', '0007eb58ae1450080f63fd470f9ae054e40f390111ef6d6634751c36d6d5add2', 4317, 'RGB')",Start_time,2019-10-28 22:33:14.029261,End_time,2019-10-28 22:33:14.044256,Duration,0:00:00.014995
Task,"(355, '2019-10-29T02:33:14.045261', {'digest': 'C38B226D489D312EE7FC940C42E5651046F8827AFF9D8226CF06BAFA6591B217'}, '0000856fb867c760d8f6457cb3b72177e31afda1e870dd891360adc3bf1343e2', '000b40535038db44d06931400427365681ce6daa26eeaa6808dcc0b29c41481d', 4390, 'DB')",Start_time,2019-10-28 22:33:14.045261,End_time,2019-10-28 22:33:14.060290,Duration,0:00:00.015029
Task,"(356, '2019-10-29T02:33:14.061292', <LC.TB_data object at 0x000001BA37F40F28>, '000527b7dcaaff7fc8648d4de3d8e3d67ee965853c37814f9aa32f7ad47d5d73', '0000856fb867c760d8f6457cb3b72177e31afda1e870dd891360adc3bf1343e2', 4827, 'TB')",Start_time,2019-10-28 22:33:14.061292,End_time,2019-10-28 22:33:14.073291,Duration,0:00:00.011999
Task,"(357, '2019-10-29T02:33:24.230299', 'Relative Genesis Block', '00085245885181e49abf2982c2699b7a5602a9c34b429f8ee4e0ed1b1059e64f', '000527b7dcaaff7fc8648d4de3d8e3d67ee965853c37814f9aa32f7ad47d5d73', 14236, 'RGB')",Start_time,2019-10-28 22:33:24.230299,End_time,2019-10-28 22:33:24.274290,Duration,0:00:00.043991
Task,"(358, '2019-10-29T02:33:24.275254', {'digest': 'C38B226D489D312EE7FC940C42E5651046F8827AFF9D8226CF06BAFA6591B217'}, '000fd00d4a01349099a8a65ab28636d03afe15634c68f12ddf9040e80abfc91d', '00085245885181e49abf2982c2699b7a5602a9c34b429f8ee4e0ed1b1059e64f', 5150, 'DB')",Start_time,2019-10-28 22:33:24.275254,End_time,2019-10-28 22:33:24.285291,Duration,0:00:00.010037
Task,"(359, '2019-10-29T02:33:24.286291', <LC.TB_data object at 0x000001BA37F4E390>, '00069c76cc5272848cb9cfc20ee242fe1b9c911e708004ad00cf1d0c174e60c9', '000fd00d4a01349099a8a65ab28636d03afe15634c68f12ddf9040e80abfc91d', 321, 'TB')",Start_time,2019-10-28 22:33:24.286291,End_time,2019-10-28 22:33:24.287291,Duration,0:00:00.001000
Task,"(360, '2019-10-29T02:33:34.444807', 'Relative Genesis Block', '00080c7efc57b59dc3c837508f8eb50d8c02d617f71555fce7c44ddab9c888d8', '00069c76cc5272848cb9cfc20ee242fe1b9c911e708004ad00cf1d0c174e60c9', 3633, 'RGB')",Start_time,2019-10-28 22:33:34.444807,End_time,2019-10-28 22:33:34.457808,Duration,0:00:00.013001
Task,"(361, '2019-10-29T02:33:34.458810', {'digest': 'C38B226D489D312EE7FC940C42E5651046F8827AFF9D8226CF06BAFA6591B217'}, '000f21eb9c4b6e130debc973d98e3e44b5dd577dcf8d37ed77752c9d450f6bfc', '00080c7efc57b59dc3c837508f8eb50d8c02d617f71555fce7c44ddab9c888d8', 7814, 'DB')",Start_time,2019-10-28 22:33:34.458810,End_time,2019-10-28 22:33:34.491804,Duration,0:00:00.032994
Task,"(362, '2019-10-29T02:33:34.492806', <LC.TB_data object at 0x000001BA37F4E470>, '000dd36563cb45c9a52169f4a5f646d160794e81be822a8d6064effe09646025', '000f21eb9c4b6e130debc973d98e3e44b5dd577dcf8d37ed77752c9d450f6bfc', 10107, 'TB')",Start_time,2019-10-28 22:33:34.492806,End_time,2019-10-28 22:33:34.530804,Duration,0:00:00.037998
Task,"(363, '2019-10-29T02:33:44.695289', 'Relative Genesis Block', '000be23f4315426785420056db5823f6e184582f8a69020761afd3f73b863098', '000dd36563cb45c9a52169f4a5f646d160794e81be822a8d6064effe09646025', 4331, 'RGB')",Start_time,2019-10-28 22:33:44.695289,End_time,2019-10-28 22:33:44.713290,Duration,0:00:00.018001
Task,"(364, '2019-10-29T02:33:44.714292', {'digest': 'C38B226D489D312EE7FC940C42E5651046F8827AFF9D8226CF06BAFA6591B217'}, '0008d55a0d69309bd41bbc51977cc4dc08f69a75b6d8d43e821ed53cc5ac68f7', '000be23f4315426785420056db5823f6e184582f8a69020761afd3f73b863098', 10294, 'DB')",Start_time,2019-10-28 22:33:44.714292,End_time,2019-10-28 22:33:44.751291,Duration,0:00:00.036999
Task,"(365, '2019-10-29T02:33:44.752296', <LC.TB_data object at 0x000001BA37F4EEB8>, '000e8a80a22154cd41f700d1ff2776db2657f63f13a69b60859d5315de1fbfa0', '0008d55a0d69309bd41bbc51977cc4dc08f69a75b6d8d43e821ed53cc5ac68f7', 2305, 'TB')",Start_time,2019-10-28 22:33:44.752296,End_time,2019-10-28 22:33:44.758290,Duration,0:00:00.005994
Task,"(366, '2019-10-29T02:33:54.918629', 'Relative Genesis Block', '00099ee0d0cb4c53bf2de1f8ec1516880549152923beec05b59b91496ac9f75f', '000e8a80a22154cd41f700d1ff2776db2657f63f13a69b60859d5315de1fbfa0', 31, 'RGB')",Start_time,2019-10-28 22:33:54.918629,End_time,2019-10-28 22:33:54.918629,Duration,0:00:00
Task,"(367, '2019-10-29T02:33:54.919627', {'digest': 'C38B226D489D312EE7FC940C42E5651046F8827AFF9D8226CF06BAFA6591B217'}, '000b8e385f942587feaacd8a2cf2f3c6c1c807d49cbdfca8ef4a66e8dbc648d1', '00099ee0d0cb4c53bf2de1f8ec1516880549152923beec05b59b91496ac9f75f', 3152, 'DB')",Start_time,2019-10-28 22:33:54.919627,End_time,2019-10-28 22:33:54.931623,Duration,0:00:00.011996
Task,"(368, '2019-10-29T02:33:54.933622', <LC.TB_data object at 0x000001BA37F4EF60>, '000c174329cbc07035b7acd72785ddd45c2dcbf722d1e058d97a7fe987a7d596', '000b8e385f942587feaacd8a2cf2f3c6c1c807d49cbdfca8ef4a66e8dbc648d1', 2631, 'TB')",Start_time,2019-10-28 22:33:54.933622,End_time,2019-10-28 22:33:54.941632,Duration,0:00:00.008010
Task,"(369, '2019-10-29T02:34:05.125624', 'Relative Genesis Block', '0008882892ab91ced5eb16dd8c591c485de0be74fe9f92f4bf2e3b9d44a1a28b', '000c174329cbc07035b7acd72785ddd45c2dcbf722d1e058d97a7fe987a7d596', 11349, 'RGB')",Start_time,2019-10-28 22:34:05.125624,End_time,2019-10-28 22:34:05.160655,Duration,0:00:00.035031
Task,"(370, '2019-10-29T02:34:05.162622', {'digest': 'C38B226D489D312EE7FC940C42E5651046F8827AFF9D8226CF06BAFA6591B217'}, '0005b94bd8e4fb570aa5f8c46ef8a1dcd8d066e9233ee648ea003d15a39f6197', '0008882892ab91ced5eb16dd8c591c485de0be74fe9f92f4bf2e3b9d44a1a28b', 1923, 'DB')",Start_time,2019-10-28 22:34:05.162622,End_time,2019-10-28 22:34:05.168621,Duration,0:00:00.005999
Task,"(371, '2019-10-29T02:34:05.169624', <LC.TB_data object at 0x000001BA37F54390>, '0003dcf2bb315c8c60f6e0065e473765c4ce5e11c40bb17bd2e3c6feadbb2383', '0005b94bd8e4fb570aa5f8c46ef8a1dcd8d066e9233ee648ea003d15a39f6197', 22154, 'TB')",Start_time,2019-10-28 22:34:05.169624,End_time,2019-10-28 22:34:05.226659,Duration,0:00:00.057035
Task,"(372, '2019-10-29T02:34:15.387633', 'Relative Genesis Block', '000ad945fa433154496dc6dca812f2089f1e9e8e0c6c755bcdafdb0e0ce39b79', '0003dcf2bb315c8c60f6e0065e473765c4ce5e11c40bb17bd2e3c6feadbb2383', 5510, 'RGB')",Start_time,2019-10-28 22:34:15.387633,End_time,2019-10-28 22:34:15.404629,Duration,0:00:00.016996
Task,"(373, '2019-10-29T02:34:15.405629', {'digest': 'C38B226D489D312EE7FC940C42E5651046F8827AFF9D8226CF06BAFA6591B217'}, '00040fd860a88c88d116d0beac82fe216de83142430aa314d0d09d693c3158d5', '000ad945fa433154496dc6dca812f2089f1e9e8e0c6c755bcdafdb0e0ce39b79', 2728, 'DB')",Start_time,2019-10-28 22:34:15.405629,End_time,2019-10-28 22:34:15.412633,Duration,0:00:00.007004
Task,"(374, '2019-10-29T02:34:15.414636', <LC.TB_data object at 0x000001BA37F544E0>, '000a5cd64bb8e135536562053a405e1bd084a134f470e2481f05638c6f3b392d', '00040fd860a88c88d116d0beac82fe216de83142430aa314d0d09d693c3158d5', 1593, 'TB')",Start_time,2019-10-28 22:34:15.414636,End_time,2019-10-28 22:34:15.417636,Duration,0:00:00.003000
Task,"(375, '2019-10-29T02:34:25.587103', 'Relative Genesis Block', '000e29e9ba3039d198070aa5a1ffc5ac1fd3b9b92f33f65cb5a7001d04eea22e', '000a5cd64bb8e135536562053a405e1bd084a134f470e2481f05638c6f3b392d', 645, 'RGB')",Start_time,2019-10-28 22:34:25.587103,End_time,2019-10-28 22:34:25.589102,Duration,0:00:00.001999
Task,"(376, '2019-10-29T02:34:25.590122', {'digest': 'C38B226D489D312EE7FC940C42E5651046F8827AFF9D8226CF06BAFA6591B217'}, '000dadb517f66bbbcef0b8b02cdbe59e1882d42d935d2eeafb0c083acfde330f', '000e29e9ba3039d198070aa5a1ffc5ac1fd3b9b92f33f65cb5a7001d04eea22e', 3432, 'DB')",Start_time,2019-10-28 22:34:25.590122,End_time,2019-10-28 22:34:25.600100,Duration,0:00:00.009978
Task,"(377, '2019-10-29T02:34:25.601099', <LC.TB_data object at 0x000001BA37F54F28>, '000e778bd03a4046b9464fc114f560fd4e3da9a582061c81d2a52b864cb784a2', '000dadb517f66bbbcef0b8b02cdbe59e1882d42d935d2eeafb0c083acfde330f', 9455, 'TB')",Start_time,2019-10-28 22:34:25.601099,End_time,2019-10-28 22:34:25.628099,Duration,0:00:00.027000
Task,"(378, '2019-10-29T02:34:35.796483', 'Relative Genesis Block', '0007133ba2e9b883d7f7a5d6e65d445831b6e240155869f6b1c561fd83b8e20d', '000e778bd03a4046b9464fc114f560fd4e3da9a582061c81d2a52b864cb784a2', 1617, 'RGB')",Start_time,2019-10-28 22:34:35.796483,End_time,2019-10-28 22:34:35.802518,Duration,0:00:00.006035
Task,"(379, '2019-10-29T02:34:35.803483', {'digest': 'C38B226D489D312EE7FC940C42E5651046F8827AFF9D8226CF06BAFA6591B217'}, '000a3692922631b2110e79c1808a864a5577bd44c06d7f8d931e4cfb1c5aef47', '0007133ba2e9b883d7f7a5d6e65d445831b6e240155869f6b1c561fd83b8e20d', 700, 'DB')",Start_time,2019-10-28 22:34:35.803483,End_time,2019-10-28 22:34:35.805485,Duration,0:00:00.002002
Task,"(380, '2019-10-29T02:34:35.806480', <LC.TB_data object at 0x000001BA37F54940>, '000d09481127b0f9bf1f8d6544bdb12501dbfe1067896a871bab33e083bbf135', '000a3692922631b2110e79c1808a864a5577bd44c06d7f8d931e4cfb1c5aef47', 1176, 'TB')",Start_time,2019-10-28 22:34:35.806480,End_time,2019-10-28 22:34:35.809480,Duration,0:00:00.003000
Task,"(381, '2019-10-29T02:34:45.985484', 'Relative Genesis Block', '000b86bdde3c5b7bfabe5a894d05c8ef5b9a0a205d50ba72639c0235fe863a4c', '000d09481127b0f9bf1f8d6544bdb12501dbfe1067896a871bab33e083bbf135', 3584, 'RGB')",Start_time,2019-10-28 22:34:45.985484,End_time,2019-10-28 22:34:45.999486,Duration,0:00:00.014002
Task,"(382, '2019-10-29T02:34:46.001482', {'digest': 'C38B226D489D312EE7FC940C42E5651046F8827AFF9D8226CF06BAFA6591B217'}, '0007677c708d9e83f095cf48292143549e2e33fbf87a03e9892f38b24b31eba9', '000b86bdde3c5b7bfabe5a894d05c8ef5b9a0a205d50ba72639c0235fe863a4c', 6698, 'DB')",Start_time,2019-10-28 22:34:46.001482,End_time,2019-10-28 22:34:46.025483,Duration,0:00:00.024001
Task,"(383, '2019-10-29T02:34:46.026483', <LC.TB_data object at 0x000001BA37F54BA8>, '00032dc0f95fbb2624730499e60036dc18d646a5b87a713c520f00ad89821493', '0007677c708d9e83f095cf48292143549e2e33fbf87a03e9892f38b24b31eba9', 8777, 'TB')",Start_time,2019-10-28 22:34:46.026483,End_time,2019-10-28 22:34:46.056515,Duration,0:00:00.030032
Task,"(384, '2019-10-29T02:34:56.255073', 'Relative Genesis Block', '0001ba4b13482cec68ecd1dce75bad33d2d25747f6434d36f58b6658f7698037', '00032dc0f95fbb2624730499e60036dc18d646a5b87a713c520f00ad89821493', 8300, 'RGB')",Start_time,2019-10-28 22:34:56.255073,End_time,2019-10-28 22:34:56.285107,Duration,0:00:00.030034
Task,"(385, '2019-10-29T02:34:56.286073', {'digest': 'C38B226D489D312EE7FC940C42E5651046F8827AFF9D8226CF06BAFA6591B217'}, '00021ae46e6d099085f75d53e3b4032bfad688d58d3455ab1fcea004e342059e', '0001ba4b13482cec68ecd1dce75bad33d2d25747f6434d36f58b6658f7698037', 7477, 'DB')",Start_time,2019-10-28 22:34:56.286073,End_time,2019-10-28 22:34:56.307069,Duration,0:00:00.020996
Task,"(386, '2019-10-29T02:34:56.308072', <LC.TB_data object at 0x000001BA37F4EE80>, '000af07e986e3067ea933df15b7ab7a1c790d551c1922cf8e8ea6d7bf74702de', '00021ae46e6d099085f75d53e3b4032bfad688d58d3455ab1fcea004e342059e', 8573, 'TB')",Start_time,2019-10-28 22:34:56.308072,End_time,2019-10-28 22:34:56.325110,Duration,0:00:00.017038
Task,"(387, '2019-10-29T02:35:06.489794', 'Relative Genesis Block', '000a5e20b8e741d116f8870198107dc8e75022d3f25742805d591657436693ec', '000af07e986e3067ea933df15b7ab7a1c790d551c1922cf8e8ea6d7bf74702de', 1082, 'RGB')",Start_time,2019-10-28 22:35:06.489794,End_time,2019-10-28 22:35:06.493826,Duration,0:00:00.004032
Task,"(388, '2019-10-29T02:35:06.494787', {'digest': 'C38B226D489D312EE7FC940C42E5651046F8827AFF9D8226CF06BAFA6591B217'}, '000bc654a783cc6ba2b83388cdc4b4fc4f1b2727ede37e648fed62b9e3fb0d35', '000a5e20b8e741d116f8870198107dc8e75022d3f25742805d591657436693ec', 9532, 'DB')",Start_time,2019-10-28 22:35:06.494787,End_time,2019-10-28 22:35:06.525790,Duration,0:00:00.031003
Task,"(389, '2019-10-29T02:35:06.526791', <LC.TB_data object at 0x000001BA37F4E1D0>, '000e66aa397750dd23166551c7869926af6b0e98b09289bb0d8411cd24f79427', '000bc654a783cc6ba2b83388cdc4b4fc4f1b2727ede37e648fed62b9e3fb0d35', 802, 'TB')",Start_time,2019-10-28 22:35:06.526791,End_time,2019-10-28 22:35:06.528786,Duration,0:00:00.001995
Task,"(390, '2019-10-29T02:35:16.737130', 'Relative Genesis Block', '000a22fd016f2ba02087983ed2364cd80aa349aa5db2803a1177c722a8384046', '000e66aa397750dd23166551c7869926af6b0e98b09289bb0d8411cd24f79427', 1746, 'RGB')",Start_time,2019-10-28 22:35:16.737130,End_time,2019-10-28 22:35:16.744130,Duration,0:00:00.007000
Task,"(391, '2019-10-29T02:35:16.745131', {'digest': 'C38B226D489D312EE7FC940C42E5651046F8827AFF9D8226CF06BAFA6591B217'}, '000795ab9402ef84e83b697adf990d63e36a634079f3367006e05c0079ca189d', '000a22fd016f2ba02087983ed2364cd80aa349aa5db2803a1177c722a8384046', 3405, 'DB')",Start_time,2019-10-28 22:35:16.745131,End_time,2019-10-28 22:35:16.766128,Duration,0:00:00.020997
Task,"(392, '2019-10-29T02:35:16.767130', <LC.TB_data object at 0x000001BA37F40EF0>, '0008fd428d1ffe23a457099f836fa4c3cbcec0e3aba730e402b8e1d6fc6b6a9c', '000795ab9402ef84e83b697adf990d63e36a634079f3367006e05c0079ca189d', 4105, 'TB')",Start_time,2019-10-28 22:35:16.767130,End_time,2019-10-28 22:35:16.781129,Duration,0:00:00.013999
Task,"(393, '2019-10-29T02:35:26.951520', 'Relative Genesis Block', '00004b87c656e4793ee7848a323849f21c8c094625654ccddb20a1c2cae65dcc', '0008fd428d1ffe23a457099f836fa4c3cbcec0e3aba730e402b8e1d6fc6b6a9c', 550, 'RGB')",Start_time,2019-10-28 22:35:26.951520,End_time,2019-10-28 22:35:26.952522,Duration,0:00:00.001002
Task,"(394, '2019-10-29T02:35:26.954518', {'digest': 'C38B226D489D312EE7FC940C42E5651046F8827AFF9D8226CF06BAFA6591B217'}, '000f2d0f7547dec76278396221e45565a5d2892d3d619c4a667cdfabee184a3e', '00004b87c656e4793ee7848a323849f21c8c094625654ccddb20a1c2cae65dcc', 2017, 'DB')",Start_time,2019-10-28 22:35:26.954518,End_time,2019-10-28 22:35:26.961515,Duration,0:00:00.006997
Task,"(395, '2019-10-29T02:35:26.963519', <LC.TB_data object at 0x000001BA37F405F8>, '000d883737fc9b050b2ecf42ee23e5314cc00ccd754d86e11329f451fdf33f39', '000f2d0f7547dec76278396221e45565a5d2892d3d619c4a667cdfabee184a3e', 2708, 'TB')",Start_time,2019-10-28 22:35:26.963519,End_time,2019-10-28 22:35:26.969514,Duration,0:00:00.005995
Task,"(396, '2019-10-29T02:35:37.123859', 'Relative Genesis Block', '0007620b57d3caf1811b4e8807ea6a7d4952fcaab3f0a250b594c4f6010bbaf1', '000d883737fc9b050b2ecf42ee23e5314cc00ccd754d86e11329f451fdf33f39', 637, 'RGB')",Start_time,2019-10-28 22:35:37.123859,End_time,2019-10-28 22:35:37.125854,Duration,0:00:00.001995
Task,"(397, '2019-10-29T02:35:37.126858', {'digest': 'C38B226D489D312EE7FC940C42E5651046F8827AFF9D8226CF06BAFA6591B217'}, '000d6e90162090054f41e006b198090ba2debb8eace8c73f9e086a7b9e533753', '0007620b57d3caf1811b4e8807ea6a7d4952fcaab3f0a250b594c4f6010bbaf1', 5594, 'DB')",Start_time,2019-10-28 22:35:37.126858,End_time,2019-10-28 22:35:37.146892,Duration,0:00:00.020034
Task,"(398, '2019-10-29T02:35:37.147856', <LC.TB_data object at 0x000001BA37F40160>, '0007e40170f859ddcf51ca54f04ba61eb36e153b0dc36f9a9d98d6d3a6811060', '000d6e90162090054f41e006b198090ba2debb8eace8c73f9e086a7b9e533753', 9914, 'TB')",Start_time,2019-10-28 22:35:37.147856,End_time,2019-10-28 22:35:37.182856,Duration,0:00:00.035000
Task,"(399, '2019-10-29T02:35:47.338857', 'Relative Genesis Block', '000c043f513cfbeaa142fbfd4b9fc47938e397484026425d2f39b27b41cd3ca4', '0007e40170f859ddcf51ca54f04ba61eb36e153b0dc36f9a9d98d6d3a6811060', 6298, 'RGB')",Start_time,2019-10-28 22:35:47.338857,End_time,2019-10-28 22:35:47.363857,Duration,0:00:00.025000
Task,"(400, '2019-10-29T02:35:47.364856', {'digest': 'C38B226D489D312EE7FC940C42E5651046F8827AFF9D8226CF06BAFA6591B217'}, '0008cf878c32d0494c21fb0e1eb8df2c1a69144f7421e022599a1c15f6cb27ee', '000c043f513cfbeaa142fbfd4b9fc47938e397484026425d2f39b27b41cd3ca4', 2054, 'DB')",Start_time,2019-10-28 22:35:47.364856,End_time,2019-10-28 22:35:47.369859,Duration,0:00:00.005003
Task,"(401, '2019-10-29T02:35:47.370854', <LC.TB_data object at 0x000001BA37F400F0>, '000f72829867999a732ad755f94629b85221e4fe802db17a90b7c2b768fe081f', '0008cf878c32d0494c21fb0e1eb8df2c1a69144f7421e022599a1c15f6cb27ee', 7287, 'TB')",Start_time,2019-10-28 22:35:47.370854,End_time,2019-10-28 22:35:47.398858,Duration,0:00:00.028004
Task,"(402, '2019-10-29T02:35:57.555861', 'Relative Genesis Block', '00068a8748bd22f870d7ea8595019a7e1cdd877f17d7aa56cc179895ca3187ae', '000f72829867999a732ad755f94629b85221e4fe802db17a90b7c2b768fe081f', 4921, 'RGB')",Start_time,2019-10-28 22:35:57.555861,End_time,2019-10-28 22:35:57.573853,Duration,0:00:00.017992
Task,"(403, '2019-10-29T02:35:57.574858', {'digest': 'C38B226D489D312EE7FC940C42E5651046F8827AFF9D8226CF06BAFA6591B217'}, '000a26883734b705caf15c2b9feda7b1c928fd5aa3eca5254b73bf9bcc08526a', '00068a8748bd22f870d7ea8595019a7e1cdd877f17d7aa56cc179895ca3187ae', 3413, 'DB')",Start_time,2019-10-28 22:35:57.574858,End_time,2019-10-28 22:35:57.589882,Duration,0:00:00.015024
Task,"(404, '2019-10-29T02:35:57.590867', <LC.TB_data object at 0x000001BA37F14B38>, '0000c66e1c2e02f949aa5f8910f200f424e01b2c014cfe7a5a6f5de18b979aec', '000a26883734b705caf15c2b9feda7b1c928fd5aa3eca5254b73bf9bcc08526a', 15645, 'TB')",Start_time,2019-10-28 22:35:57.590867,End_time,2019-10-28 22:35:57.635889,Duration,0:00:00.045022
Task,"(405, '2019-10-29T02:36:07.795166', 'Relative Genesis Block', '000c018a55be9806f00df8161bde8be80436f818a1bc8f5a0d66040a4c33cd5c', '0000c66e1c2e02f949aa5f8910f200f424e01b2c014cfe7a5a6f5de18b979aec', 10627, 'RGB')",Start_time,2019-10-28 22:36:07.795166,End_time,2019-10-28 22:36:07.834170,Duration,0:00:00.039004
Task,"(406, '2019-10-29T02:36:07.834170', {'digest': 'C38B226D489D312EE7FC940C42E5651046F8827AFF9D8226CF06BAFA6591B217'}, '0006da7a2f5acaf164a08465a68c3f3b9f8a777f54a47747ad2c02671658640d', '000c018a55be9806f00df8161bde8be80436f818a1bc8f5a0d66040a4c33cd5c', 3755, 'DB')",Start_time,2019-10-28 22:36:07.834170,End_time,2019-10-28 22:36:07.845165,Duration,0:00:00.010995
Task,"(407, '2019-10-29T02:36:07.846169', <LC.TB_data object at 0x000001BA37F1CAC8>, '000bd7785312c947432cf0f0a19be8a092d5903d0c1ea6ea8bd51a399baa3306', '0006da7a2f5acaf164a08465a68c3f3b9f8a777f54a47747ad2c02671658640d', 1883, 'TB')",Start_time,2019-10-28 22:36:07.846169,End_time,2019-10-28 22:36:07.852169,Duration,0:00:00.006000
Task,"(408, '2019-10-29T02:36:18.032495', 'Relative Genesis Block', '000f8f57450c34d38696ca4e078247319ab77b95a5a70ecd49c262c567a7f6ff', '000bd7785312c947432cf0f0a19be8a092d5903d0c1ea6ea8bd51a399baa3306', 356, 'RGB')",Start_time,2019-10-28 22:36:18.032495,End_time,2019-10-28 22:36:18.034497,Duration,0:00:00.002002
Task,"(409, '2019-10-29T02:36:18.035495', {'digest': 'C38B226D489D312EE7FC940C42E5651046F8827AFF9D8226CF06BAFA6591B217'}, '00051c50251a15e49a224e1e39f51c80c7a4eb95cb52b4a913c2d2f18cdcf049', '000f8f57450c34d38696ca4e078247319ab77b95a5a70ecd49c262c567a7f6ff', 182, 'DB')",Start_time,2019-10-28 22:36:18.035495,End_time,2019-10-28 22:36:18.035495,Duration,0:00:00
Task,"(410, '2019-10-29T02:36:18.036495', <LC.TB_data object at 0x000001BA37F29588>, '00058d2275b6440ab78d22627a976b0f7c83a1b4c180a84a3b35d3fec9861fba', '00051c50251a15e49a224e1e39f51c80c7a4eb95cb52b4a913c2d2f18cdcf049', 436, 'TB')",Start_time,2019-10-28 22:36:18.036495,End_time,2019-10-28 22:36:18.039495,Duration,0:00:00.003000
Task,"(411, '2019-10-29T02:36:28.198860', 'Relative Genesis Block', '0003304deaea95da16dc1f1527d08a7e899daeecaa99162db0731afc3e9f0b9d', '00058d2275b6440ab78d22627a976b0f7c83a1b4c180a84a3b35d3fec9861fba', 342, 'RGB')",Start_time,2019-10-28 22:36:28.198860,End_time,2019-10-28 22:36:28.199860,Duration,0:00:00.001000
Task,"(412, '2019-10-29T02:36:28.200859', {'digest': 'C38B226D489D312EE7FC940C42E5651046F8827AFF9D8226CF06BAFA6591B217'}, '0000891159d48f6be66da3c93d315fab0f57278aa8fb146713cb70468b2172ac', '0003304deaea95da16dc1f1527d08a7e899daeecaa99162db0731afc3e9f0b9d', 3157, 'DB')",Start_time,2019-10-28 22:36:28.200859,End_time,2019-10-28 22:36:28.213857,Duration,0:00:00.012998
Task,"(413, '2019-10-29T02:36:28.215861', <LC.TB_data object at 0x000001BA37F5B208>, '000ff0502b7ced67d9c7005a247194af656c01c487b76366e30846ea1f24e3c2', '0000891159d48f6be66da3c93d315fab0f57278aa8fb146713cb70468b2172ac', 12053, 'TB')",Start_time,2019-10-28 22:36:28.215861,End_time,2019-10-28 22:36:28.248894,Duration,0:00:00.033033
Task,"(414, '2019-10-29T02:36:38.409859', 'Relative Genesis Block', '000bbe5fd20e349a26f3e4836e063bdb1f33ba1c358c19e78dfdbe0909de4140', '000ff0502b7ced67d9c7005a247194af656c01c487b76366e30846ea1f24e3c2', 9014, 'RGB')",Start_time,2019-10-28 22:36:38.409859,End_time,2019-10-28 22:36:38.434856,Duration,0:00:00.024997
Task,"(415, '2019-10-29T02:36:38.436860', {'digest': 'C38B226D489D312EE7FC940C42E5651046F8827AFF9D8226CF06BAFA6591B217'}, '000a9bd2046193e1915c6a2f2dcaf71ab846a268dfc9a088a8601e6349111245', '000bbe5fd20e349a26f3e4836e063bdb1f33ba1c358c19e78dfdbe0909de4140', 14951, 'DB')",Start_time,2019-10-28 22:36:38.436860,End_time,2019-10-28 22:36:38.478858,Duration,0:00:00.041998
Task,"(416, '2019-10-29T02:36:38.479860', <LC.TB_data object at 0x000001BA37F5B5C0>, '000a112de8ab291f41a85b113b2a413f8d747b36ba440df12a4b74aeeb58c878', '000a9bd2046193e1915c6a2f2dcaf71ab846a268dfc9a088a8601e6349111245', 2884, 'TB')",Start_time,2019-10-28 22:36:38.479860,End_time,2019-10-28 22:36:38.486892,Duration,0:00:00.007032
Task,"(417, '2019-10-29T02:36:48.647218', 'Relative Genesis Block', '000b6c36dd2d3793181502dbd9b0637f8d802838dab3cd220da0915d64fbe570', '000a112de8ab291f41a85b113b2a413f8d747b36ba440df12a4b74aeeb58c878', 3835, 'RGB')",Start_time,2019-10-28 22:36:48.647218,End_time,2019-10-28 22:36:48.664216,Duration,0:00:00.016998
Task,"(418, '2019-10-29T02:36:48.666220', {'digest': 'C38B226D489D312EE7FC940C42E5651046F8827AFF9D8226CF06BAFA6591B217'}, '000f9ee2bdfa067b4a19b30d2052dbc040c87274afbd7df821af3d713e31a46d', '000b6c36dd2d3793181502dbd9b0637f8d802838dab3cd220da0915d64fbe570', 6107, 'DB')",Start_time,2019-10-28 22:36:48.666220,End_time,2019-10-28 22:36:48.690216,Duration,0:00:00.023996
Task,"(419, '2019-10-29T02:36:48.691238', <LC.TB_data object at 0x000001BA37F5BE48>, '000c029508c23c2c839502bd3b795dd83763b0ecc42c53da3cfa6075ed1bcd80', '000f9ee2bdfa067b4a19b30d2052dbc040c87274afbd7df821af3d713e31a46d', 246, 'TB')",Start_time,2019-10-28 22:36:48.691238,End_time,2019-10-28 22:36:48.692251,Duration,0:00:00.001013
Task,"(420, '2019-10-29T02:36:58.880554', 'Relative Genesis Block', '00049f03c816be7b04aad47ea3addf129c828dcd4b23a2ddddc3dd293fdca4db', '000c029508c23c2c839502bd3b795dd83763b0ecc42c53da3cfa6075ed1bcd80', 1683, 'RGB')",Start_time,2019-10-28 22:36:58.880554,End_time,2019-10-28 22:36:58.887547,Duration,0:00:00.006993
Task,"(421, '2019-10-29T02:36:58.888545', {'digest': 'C38B226D489D312EE7FC940C42E5651046F8827AFF9D8226CF06BAFA6591B217'}, '0005db692ad78b7332666fe15d69939b0c0fcd78e30ab3d06e4dde5afc56b379', '00049f03c816be7b04aad47ea3addf129c828dcd4b23a2ddddc3dd293fdca4db', 1018, 'DB')",Start_time,2019-10-28 22:36:58.888545,End_time,2019-10-28 22:36:58.894542,Duration,0:00:00.005997
Task,"(422, '2019-10-29T02:36:58.896575', <LC.TB_data object at 0x000001BA37F5BFD0>, '0007d594d9b59a9766f72826363e92aec866e8bbcddb5450d5b887e7e9d6dc39', '0005db692ad78b7332666fe15d69939b0c0fcd78e30ab3d06e4dde5afc56b379', 8272, 'TB')",Start_time,2019-10-28 22:36:58.896575,End_time,2019-10-28 22:36:58.922544,Duration,0:00:00.025969
Task,"(423, '2019-10-29T02:37:09.128545', 'Relative Genesis Block', '000364c4e4b018815c896a4232fcd838a12a47adc1f08493a65271c9a35415fa', '0007d594d9b59a9766f72826363e92aec866e8bbcddb5450d5b887e7e9d6dc39', 4785, 'RGB')",Start_time,2019-10-28 22:37:09.128545,End_time,2019-10-28 22:37:09.148538,Duration,0:00:00.019993
Task,"(424, '2019-10-29T02:37:09.149568', {'digest': 'C38B226D489D312EE7FC940C42E5651046F8827AFF9D8226CF06BAFA6591B217'}, '000c511af0751aa46f37e6a40f55bdd0c7fee2e1ac69e83b570aefcc711091ef', '000364c4e4b018815c896a4232fcd838a12a47adc1f08493a65271c9a35415fa', 19532, 'DB')",Start_time,2019-10-28 22:37:09.149568,End_time,2019-10-28 22:37:09.207575,Duration,0:00:00.058007
Task,"(425, '2019-10-29T02:37:09.208540', <LC.TB_data object at 0x000001BA37F66240>, '000aa79e3742681bd6c2de18398a25809c362a172c23de4086da697e84be20e6', '000c511af0751aa46f37e6a40f55bdd0c7fee2e1ac69e83b570aefcc711091ef', 817, 'TB')",Start_time,2019-10-28 22:37:09.208540,End_time,2019-10-28 22:37:09.209580,Duration,0:00:00.001040
Task,"(426, '2019-10-29T02:37:19.378068', 'Relative Genesis Block', '000049ba98b3c5c880b46a763f451ef5814173cc4d70e34dfc82b1b54cf4da61', '000aa79e3742681bd6c2de18398a25809c362a172c23de4086da697e84be20e6', 3459, 'RGB')",Start_time,2019-10-28 22:37:19.378068,End_time,2019-10-28 22:37:19.392124,Duration,0:00:00.014056
Task,"(427, '2019-10-29T02:37:19.393074', {'digest': 'C38B226D489D312EE7FC940C42E5651046F8827AFF9D8226CF06BAFA6591B217'}, '00053022cc4b307704658db33665a571de537216288f9eba84eebf65b259bb00', '000049ba98b3c5c880b46a763f451ef5814173cc4d70e34dfc82b1b54cf4da61', 6738, 'DB')",Start_time,2019-10-28 22:37:19.393074,End_time,2019-10-28 22:37:19.416067,Duration,0:00:00.022993
Task,"(428, '2019-10-29T02:37:19.417067', <LC.TB_data object at 0x000001BA37F66828>, '0007e52dfe626beb77bd9eda94d4681bdcf7805f1821f509be17e611ef3b3955', '00053022cc4b307704658db33665a571de537216288f9eba84eebf65b259bb00', 4672, 'TB')",Start_time,2019-10-28 22:37:19.417067,End_time,2019-10-28 22:37:19.428066,Duration,0:00:00.010999
Task,"(429, '2019-10-29T02:37:29.596310', 'Relative Genesis Block', '000a3610c1065d9e31137ee329feea7f39a569bb4670176c601493a1d9557de3', '0007e52dfe626beb77bd9eda94d4681bdcf7805f1821f509be17e611ef3b3955', 11229, 'RGB')",Start_time,2019-10-28 22:37:29.596310,End_time,2019-10-28 22:37:29.634306,Duration,0:00:00.037996
Task,"(430, '2019-10-29T02:37:29.635308', {'digest': 'C38B226D489D312EE7FC940C42E5651046F8827AFF9D8226CF06BAFA6591B217'}, '000f84ac89bedb9461823678003ffaff76e72e997471d25d86ef886b8573cc74', '000a3610c1065d9e31137ee329feea7f39a569bb4670176c601493a1d9557de3', 10585, 'DB')",Start_time,2019-10-28 22:37:29.635308,End_time,2019-10-28 22:37:29.657345,Duration,0:00:00.022037
Task,"(431, '2019-10-29T02:37:29.658345', <LC.TB_data object at 0x000001BA37F66E48>, '0003fcc251b6112657512f2223d2e384f58e81831a7f1461234a3864e24e15e6', '000f84ac89bedb9461823678003ffaff76e72e997471d25d86ef886b8573cc74', 1777, 'TB')",Start_time,2019-10-28 22:37:29.658345,End_time,2019-10-28 22:37:29.662340,Duration,0:00:00.003995
Task,"(432, '2019-10-29T02:37:39.837765', 'Relative Genesis Block', '00005f8e4f46dd2760dc9dc4f7aa115aecff897448b773525a0352eb011e3d9a', '0003fcc251b6112657512f2223d2e384f58e81831a7f1461234a3864e24e15e6', 2058, 'RGB')",Start_time,2019-10-28 22:37:39.837765,End_time,2019-10-28 22:37:39.846762,Duration,0:00:00.008997
Task,"(433, '2019-10-29T02:37:39.847767', {'digest': 'C38B226D489D312EE7FC940C42E5651046F8827AFF9D8226CF06BAFA6591B217'}, '0006dbc1340655fa8efa4489346609db37df3c474d5a3cc67869a59102bcd99f', '00005f8e4f46dd2760dc9dc4f7aa115aecff897448b773525a0352eb011e3d9a', 5845, 'DB')",Start_time,2019-10-28 22:37:39.847767,End_time,2019-10-28 22:37:39.867795,Duration,0:00:00.020028
Task,"(434, '2019-10-29T02:37:39.867795', <LC.TB_data object at 0x000001BA37F66FD0>, '00004eb3ec31884f9220aeb1759a535f2c882c853fcc7c01331ce11d513ed65b', '0006dbc1340655fa8efa4489346609db37df3c474d5a3cc67869a59102bcd99f', 3816, 'TB')",Start_time,2019-10-28 22:37:39.867795,End_time,2019-10-28 22:37:39.876795,Duration,0:00:00.009000
Task,"(435, '2019-10-29T02:37:50.071204', 'Relative Genesis Block', '0008d116ca33ccb7e8e7a8cdf649151427ff02220dfed84f08f9f7d300804531', '00004eb3ec31884f9220aeb1759a535f2c882c853fcc7c01331ce11d513ed65b', 3296, 'RGB')",Start_time,2019-10-28 22:37:50.071204,End_time,2019-10-28 22:37:50.082205,Duration,0:00:00.011001
Task,"(436, '2019-10-29T02:37:50.083199', {'digest': 'C38B226D489D312EE7FC940C42E5651046F8827AFF9D8226CF06BAFA6591B217'}, '0008a9f73a4410aa56037cf37a61590e9925a1b9865e29f45d69ccc8bf15aea1', '0008d116ca33ccb7e8e7a8cdf649151427ff02220dfed84f08f9f7d300804531', 1120, 'DB')",Start_time,2019-10-28 22:37:50.083199,End_time,2019-10-28 22:37:50.088232,Duration,0:00:00.005033
Task,"(437, '2019-10-29T02:37:50.090198', <LC.TB_data object at 0x000001BA37F6E160>, '000ce40a01be8ed2763b8731d27855b5c027e10876274cf51ff03ffa9a23fbdf', '0008a9f73a4410aa56037cf37a61590e9925a1b9865e29f45d69ccc8bf15aea1', 659, 'TB')",Start_time,2019-10-28 22:37:50.090198,End_time,2019-10-28 22:37:50.093200,Duration,0:00:00.003002
Task,"(438, '2019-10-29T02:38:00.261427', 'Relative Genesis Block', '0002b29790c11b4dfdfae56b5dbc28b13fa3f970dffd5cc7d46c31f1d2e0bc88', '000ce40a01be8ed2763b8731d27855b5c027e10876274cf51ff03ffa9a23fbdf', 2066, 'RGB')",Start_time,2019-10-28 22:38:00.261427,End_time,2019-10-28 22:38:00.270423,Duration,0:00:00.008996
Task,"(439, '2019-10-29T02:38:00.271426', {'digest': 'C38B226D489D312EE7FC940C42E5651046F8827AFF9D8226CF06BAFA6591B217'}, '00045db1de78bd7fc0effccb40c63b5ac894b307338a9660ac11d04a0da4fe50', '0002b29790c11b4dfdfae56b5dbc28b13fa3f970dffd5cc7d46c31f1d2e0bc88', 1809, 'DB')",Start_time,2019-10-28 22:38:00.271426,End_time,2019-10-28 22:38:00.278422,Duration,0:00:00.006996
Task,"(440, '2019-10-29T02:38:00.279422', <LC.TB_data object at 0x000001BA37F668D0>, '00080fc2aaebcd41c9c35712ea46a7001ce4a6011f4bccf52b584e960db10c93', '00045db1de78bd7fc0effccb40c63b5ac894b307338a9660ac11d04a0da4fe50', 4242, 'TB')",Start_time,2019-10-28 22:38:00.279422,End_time,2019-10-28 22:38:00.295460,Duration,0:00:00.016038
Task,"(441, '2019-10-29T02:38:10.470795', 'Relative Genesis Block', '0004aa0b9c9bb039fe9f3d6886845d536f40c2b01d25d96174da27b8dcfb22ca', '00080fc2aaebcd41c9c35712ea46a7001ce4a6011f4bccf52b584e960db10c93', 776, 'RGB')",Start_time,2019-10-28 22:38:10.470795,End_time,2019-10-28 22:38:10.473793,Duration,0:00:00.002998
Task,"(442, '2019-10-29T02:38:10.474795', {'digest': 'C38B226D489D312EE7FC940C42E5651046F8827AFF9D8226CF06BAFA6591B217'}, '0008f2b17cec154eb01c6386c2334d02e1062df2d31ab169d3f7c3c5ca5ab0c1', '0004aa0b9c9bb039fe9f3d6886845d536f40c2b01d25d96174da27b8dcfb22ca', 895, 'DB')",Start_time,2019-10-28 22:38:10.474795,End_time,2019-10-28 22:38:10.477794,Duration,0:00:00.002999
Task,"(443, '2019-10-29T02:38:10.478799', <LC.TB_data object at 0x000001BA37E808D0>, '000b09e4779bb1b35ae6c99580047ca480d81362e24fd406e7bd106d1400d1f2', '0008f2b17cec154eb01c6386c2334d02e1062df2d31ab169d3f7c3c5ca5ab0c1', 5458, 'TB')",Start_time,2019-10-28 22:38:10.478799,End_time,2019-10-28 22:38:10.494798,Duration,0:00:00.015999
Task,"(444, '2019-10-29T02:38:20.666830', 'Relative Genesis Block', '00030f0b8ee4b24c9a812b83ec59a968c60173242b9c9020fb6e7542b3d173e2', '000b09e4779bb1b35ae6c99580047ca480d81362e24fd406e7bd106d1400d1f2', 6324, 'RGB')",Start_time,2019-10-28 22:38:20.666830,End_time,2019-10-28 22:38:20.687799,Duration,0:00:00.020969
Task,"(445, '2019-10-29T02:38:20.688793', {'digest': 'C38B226D489D312EE7FC940C42E5651046F8827AFF9D8226CF06BAFA6591B217'}, '000ec8d2e02c3122d7388cc3ce005f8b6bf72e07929dc5e28055f2edbd51bcb2', '00030f0b8ee4b24c9a812b83ec59a968c60173242b9c9020fb6e7542b3d173e2', 8651, 'DB')",Start_time,2019-10-28 22:38:20.688793,End_time,2019-10-28 22:38:20.710839,Duration,0:00:00.022046
Task,"(446, '2019-10-29T02:38:20.712793', <LC.TB_data object at 0x000001BA37F5B5F8>, '000a6fbcf6663ccf6e14ae77ba0ecaf8c06a96e71f09ebab867f107ac971723e', '000ec8d2e02c3122d7388cc3ce005f8b6bf72e07929dc5e28055f2edbd51bcb2', 16786, 'TB')",Start_time,2019-10-28 22:38:20.712793,End_time,2019-10-28 22:38:20.750792,Duration,0:00:00.037999
Task,"(447, '2019-10-29T02:38:30.910127', 'Relative Genesis Block', '0005b9ac7910ea9b0f1b0a39cc13c5d168eb60a1c5c39b08f553c7ae1c655ce7', '000a6fbcf6663ccf6e14ae77ba0ecaf8c06a96e71f09ebab867f107ac971723e', 2724, 'RGB')",Start_time,2019-10-28 22:38:30.910127,End_time,2019-10-28 22:38:30.920125,Duration,0:00:00.009998
Task,"(448, '2019-10-29T02:38:30.921125', {'digest': 'C38B226D489D312EE7FC940C42E5651046F8827AFF9D8226CF06BAFA6591B217'}, '000fe79da9ba2193f35f0d5cd03e64b7c07533a028462b13dea54ea111fa01a6', '0005b9ac7910ea9b0f1b0a39cc13c5d168eb60a1c5c39b08f553c7ae1c655ce7', 3907, 'DB')",Start_time,2019-10-28 22:38:30.921125,End_time,2019-10-28 22:38:30.937129,Duration,0:00:00.016004
Task,"(449, '2019-10-29T02:38:30.939126', <LC.TB_data object at 0x000001BA37F5B0B8>, '000b38b11f929d3eb067db5b5d182d7707e8077258c8da763ea7d5501a332827', '000fe79da9ba2193f35f0d5cd03e64b7c07533a028462b13dea54ea111fa01a6', 2564, 'TB')",Start_time,2019-10-28 22:38:30.939126,End_time,2019-10-28 22:38:30.946128,Duration,0:00:00.007002
Task,"(450, '2019-10-29T02:38:41.106126', 'Relative Genesis Block', '0004ece6ca3283034b549f2b98161ce35c1b3c04a08c39896c3857b39df31f28', '000b38b11f929d3eb067db5b5d182d7707e8077258c8da763ea7d5501a332827', 2806, 'RGB')",Start_time,2019-10-28 22:38:41.106126,End_time,2019-10-28 22:38:41.118125,Duration,0:00:00.011999
Task,"(451, '2019-10-29T02:38:41.120125', {'digest': 'C38B226D489D312EE7FC940C42E5651046F8827AFF9D8226CF06BAFA6591B217'}, '000e924501339c2d34ab7a9ccc8b10daf38d979ebe291d3583882f618548ca9a', '0004ece6ca3283034b549f2b98161ce35c1b3c04a08c39896c3857b39df31f28', 6224, 'DB')",Start_time,2019-10-28 22:38:41.120125,End_time,2019-10-28 22:38:41.146126,Duration,0:00:00.026001
Task,"(452, '2019-10-29T02:38:41.147160', <LC.TB_data object at 0x000001BA37F5BAC8>, '000143f46e8b15bdfe9f98e5935e054ecf2ff96a98ac293ee6a5f81af662de3c', '000e924501339c2d34ab7a9ccc8b10daf38d979ebe291d3583882f618548ca9a', 19547, 'TB')",Start_time,2019-10-28 22:38:41.147160,End_time,2019-10-28 22:38:41.192124,Duration,0:00:00.044964
Task,"(453, '2019-10-29T02:38:51.373295', 'Relative Genesis Block', '000038620ea73a2edcd93c712bea6b1ca1ba321a1bcb1f50738ac4b61fb1f13c', '000143f46e8b15bdfe9f98e5935e054ecf2ff96a98ac293ee6a5f81af662de3c', 309, 'RGB')",Start_time,2019-10-28 22:38:51.373295,End_time,2019-10-28 22:38:51.375293,Duration,0:00:00.001998
Task,"(454, '2019-10-29T02:38:51.376292', {'digest': 'C38B226D489D312EE7FC940C42E5651046F8827AFF9D8226CF06BAFA6591B217'}, '0001526a85d82d34680b1b03fcf66f0c5e04e6c5fc747d0ca607662e469322b8', '000038620ea73a2edcd93c712bea6b1ca1ba321a1bcb1f50738ac4b61fb1f13c', 13259, 'DB')",Start_time,2019-10-28 22:38:51.376292,End_time,2019-10-28 22:38:51.420326,Duration,0:00:00.044034
Task,"(455, '2019-10-29T02:38:51.422294', <LC.TB_data object at 0x000001BA37F5B710>, '000af4eb4f2ee381f478a8c6ade67d0cfabf3f86652d496ad943796fa0364aeb', '0001526a85d82d34680b1b03fcf66f0c5e04e6c5fc747d0ca607662e469322b8', 185, 'TB')",Start_time,2019-10-28 22:38:51.422294,End_time,2019-10-28 22:38:51.422294,Duration,0:00:00
Task,"(456, '2019-10-29T02:39:01.632816', 'Relative Genesis Block', '0003026678510cf61c198ba6c3eb00ca0e5de7ff5958421a1efebec24f12b146', '000af4eb4f2ee381f478a8c6ade67d0cfabf3f86652d496ad943796fa0364aeb', 719, 'RGB')",Start_time,2019-10-28 22:39:01.632816,End_time,2019-10-28 22:39:01.636850,Duration,0:00:00.004034
Task,"(457, '2019-10-29T02:39:01.637820', {'digest': 'C38B226D489D312EE7FC940C42E5651046F8827AFF9D8226CF06BAFA6591B217'}, '000d8d827ae96256425ddf5a4bdfe411030838a8f2ee41eff2b047ed0c206afe', '0003026678510cf61c198ba6c3eb00ca0e5de7ff5958421a1efebec24f12b146', 7311, 'DB')",Start_time,2019-10-28 22:39:01.637820,End_time,2019-10-28 22:39:01.665855,Duration,0:00:00.028035
Task,"(458, '2019-10-29T02:39:01.666812', <LC.TB_data object at 0x000001BA37EE5160>, '00038eed976252a2cc81d1e440e7228f1a16719d53be5ad91ca56c7771a66b79', '000d8d827ae96256425ddf5a4bdfe411030838a8f2ee41eff2b047ed0c206afe', 1338, 'TB')",Start_time,2019-10-28 22:39:01.666812,End_time,2019-10-28 22:39:01.671813,Duration,0:00:00.005001
Task,"(459, '2019-10-29T02:39:11.845815', 'Relative Genesis Block', '00029309e7bb648a6f0129be43a944dec84ed7e2cb7c031ba0629cc5debca241', '00038eed976252a2cc81d1e440e7228f1a16719d53be5ad91ca56c7771a66b79', 3428, 'RGB')",Start_time,2019-10-28 22:39:11.845815,End_time,2019-10-28 22:39:11.858815,Duration,0:00:00.013000
Task,"(460, '2019-10-29T02:39:11.859819', {'digest': 'C38B226D489D312EE7FC940C42E5651046F8827AFF9D8226CF06BAFA6591B217'}, '000ed696a8b98f5c3b4eb641049cc1a00f1265c6ddc2f4d55301ac00813da834', '00029309e7bb648a6f0129be43a944dec84ed7e2cb7c031ba0629cc5debca241', 8229, 'DB')",Start_time,2019-10-28 22:39:11.859819,End_time,2019-10-28 22:39:11.886850,Duration,0:00:00.027031
Task,"(461, '2019-10-29T02:39:11.887815', <LC.TB_data object at 0x000001BA37F4E278>, '000e9a38255ccd3c5358b65041a49f323d282c6dba030d22d1d658b65fc73742', '000ed696a8b98f5c3b4eb641049cc1a00f1265c6ddc2f4d55301ac00813da834', 1610, 'TB')",Start_time,2019-10-28 22:39:11.887815,End_time,2019-10-28 22:39:11.890847,Duration,0:00:00.003032
Task,"(462, '2019-10-29T02:39:22.058736', 'Relative Genesis Block', '0001bb9d139c554d08ff1887470ca5817c77b400803c2c4f991777baa94dfdd5', '000e9a38255ccd3c5358b65041a49f323d282c6dba030d22d1d658b65fc73742', 8081, 'RGB')",Start_time,2019-10-28 22:39:22.058736,End_time,2019-10-28 22:39:22.088845,Duration,0:00:00.030109
Task,"(463, '2019-10-29T02:39:22.089790', {'digest': 'C38B226D489D312EE7FC940C42E5651046F8827AFF9D8226CF06BAFA6591B217'}, '0003acff208b783aa75d9ca89bed6b936dda6efc5f67ff3b25983e3b0a61d4af', '0001bb9d139c554d08ff1887470ca5817c77b400803c2c4f991777baa94dfdd5', 2030, 'DB')",Start_time,2019-10-28 22:39:22.089790,End_time,2019-10-28 22:39:22.096731,Duration,0:00:00.006941
Task,"(464, '2019-10-29T02:39:22.097733', <LC.TB_data object at 0x000001BA37F4ED68>, '000b8e9f673d35fd7af2e4d66f032dfa9547bded29875db4035cc29a9e0c923b', '0003acff208b783aa75d9ca89bed6b936dda6efc5f67ff3b25983e3b0a61d4af', 376, 'TB')",Start_time,2019-10-28 22:39:22.097733,End_time,2019-10-28 22:39:22.098736,Duration,0:00:00.001003
Task,"(465, '2019-10-29T02:39:32.265113', 'Relative Genesis Block', '0009c9dd674448534a1452f25eb92188da1e98656706fb7fc751d2d7cd789e7c', '000b8e9f673d35fd7af2e4d66f032dfa9547bded29875db4035cc29a9e0c923b', 239, 'RGB')",Start_time,2019-10-28 22:39:32.265113,End_time,2019-10-28 22:39:32.266112,Duration,0:00:00.000999
Task,"(466, '2019-10-29T02:39:32.268113', {'digest': 'C38B226D489D312EE7FC940C42E5651046F8827AFF9D8226CF06BAFA6591B217'}, '0006bd536d76bcd8f8f8f8783f8ed9071f55337e7c477ab16d5a5f85a20f5011', '0009c9dd674448534a1452f25eb92188da1e98656706fb7fc751d2d7cd789e7c', 4373, 'DB')",Start_time,2019-10-28 22:39:32.268113,End_time,2019-10-28 22:39:32.286168,Duration,0:00:00.018055
Task,"(467, '2019-10-29T02:39:32.288113', <LC.TB_data object at 0x000001BA37F545F8>, '000041dce0abf14125cb047d56120d4f0e17df958467c9d2c6434e355f02b42b', '0006bd536d76bcd8f8f8f8783f8ed9071f55337e7c477ab16d5a5f85a20f5011', 8197, 'TB')",Start_time,2019-10-28 22:39:32.288113,End_time,2019-10-28 22:39:32.309117,Duration,0:00:00.021004
Task,"(468, '2019-10-29T02:39:42.470455', 'Relative Genesis Block', '0008cd5e73124126a259ef17bf1973735b79bc66fb3937be2ef2f4288f7cdee3', '000041dce0abf14125cb047d56120d4f0e17df958467c9d2c6434e355f02b42b', 2041, 'RGB')",Start_time,2019-10-28 22:39:42.470455,End_time,2019-10-28 22:39:42.479455,Duration,0:00:00.009000
Task,"(469, '2019-10-29T02:39:42.480457', {'digest': 'C38B226D489D312EE7FC940C42E5651046F8827AFF9D8226CF06BAFA6591B217'}, '000d1faf937d52170c3be7d9294f22c30c4e9b5b8e9b5ddf40e949188c2d7dcd', '0008cd5e73124126a259ef17bf1973735b79bc66fb3937be2ef2f4288f7cdee3', 34, 'DB')",Start_time,2019-10-28 22:39:42.480457,End_time,2019-10-28 22:39:42.481460,Duration,0:00:00.001003
Task,"(470, '2019-10-29T02:39:42.481460', <LC.TB_data object at 0x000001BA37F54828>, '000291002af0250bbf68e63183a426830d7d130662848101460c4d7f69d84936', '000d1faf937d52170c3be7d9294f22c30c4e9b5b8e9b5ddf40e949188c2d7dcd', 4668, 'TB')",Start_time,2019-10-28 22:39:42.481460,End_time,2019-10-28 22:39:42.499565,Duration,0:00:00.018105
Task,"(471, '2019-10-29T02:39:52.649764', 'Relative Genesis Block', '000b246e8d2b88e63be7ecd78ff34b9fd05f7b9422c147bc8c93f3d96b3f34e1', '000291002af0250bbf68e63183a426830d7d130662848101460c4d7f69d84936', 4732, 'RGB')",Start_time,2019-10-28 22:39:52.649764,End_time,2019-10-28 22:39:52.665765,Duration,0:00:00.016001
Task,"(472, '2019-10-29T02:39:52.666764', {'digest': 'C38B226D489D312EE7FC940C42E5651046F8827AFF9D8226CF06BAFA6591B217'}, '000d976a9f2454d1fb70e8ede9f2a4b378e28757ceac649a764d32d58f663685', '000b246e8d2b88e63be7ecd78ff34b9fd05f7b9422c147bc8c93f3d96b3f34e1', 2032, 'DB')",Start_time,2019-10-28 22:39:52.666764,End_time,2019-10-28 22:39:52.671776,Duration,0:00:00.005012
Task,"(473, '2019-10-29T02:39:52.672763', <LC.TB_data object at 0x000001BA37F6E9B0>, '0004d4b00d8a9df130758a4534706807cd8b52e91ed408cce4bdb491724c2188', '000d976a9f2454d1fb70e8ede9f2a4b378e28757ceac649a764d32d58f663685', 1682, 'TB')",Start_time,2019-10-28 22:39:52.672763,End_time,2019-10-28 22:39:52.677760,Duration,0:00:00.004997
Task,"(474, '2019-10-29T02:40:02.851763', 'Relative Genesis Block', '0000a085f1542c466721b64316f2e63ac13478b3b09960eabe55be713c74cd68', '0004d4b00d8a9df130758a4534706807cd8b52e91ed408cce4bdb491724c2188', 1444, 'RGB')",Start_time,2019-10-28 22:40:02.851763,End_time,2019-10-28 22:40:02.858764,Duration,0:00:00.007001
Task,"(475, '2019-10-29T02:40:02.859766', {'digest': 'C38B226D489D312EE7FC940C42E5651046F8827AFF9D8226CF06BAFA6591B217'}, '0001025248d909a4a4021688986bfa7407a32d4d11697eda93d967e9bb24f16b', '0000a085f1542c466721b64316f2e63ac13478b3b09960eabe55be713c74cd68', 11363, 'DB')",Start_time,2019-10-28 22:40:02.859766,End_time,2019-10-28 22:40:02.910804,Duration,0:00:00.051038
Task,"(476, '2019-10-29T02:40:02.911766', <LC.TB_data object at 0x000001BA37F6EEB8>, '000e593619c830997897b790a24c573e6a5f277d18ac87f2425a71cfeea83e86', '0001025248d909a4a4021688986bfa7407a32d4d11697eda93d967e9bb24f16b', 8739, 'TB')",Start_time,2019-10-28 22:40:02.911766,End_time,2019-10-28 22:40:02.931762,Duration,0:00:00.019996
Task,"(477, '2019-10-29T02:40:13.096764', 'Relative Genesis Block', '000edc758247ce192a19564b5f3c33f6b8aa4dfd971cbc16d2efba4f2f16406e', '000e593619c830997897b790a24c573e6a5f277d18ac87f2425a71cfeea83e86', 698, 'RGB')",Start_time,2019-10-28 22:40:13.096764,End_time,2019-10-28 22:40:13.099798,Duration,0:00:00.003034
Task,"(478, '2019-10-29T02:40:13.100761', {'digest': 'C38B226D489D312EE7FC940C42E5651046F8827AFF9D8226CF06BAFA6591B217'}, '000fac3783d9e106ba07ac4251a9c99fc55cea4ffb8309eca014160f99431807', '000edc758247ce192a19564b5f3c33f6b8aa4dfd971cbc16d2efba4f2f16406e', 750, 'DB')",Start_time,2019-10-28 22:40:13.100761,End_time,2019-10-28 22:40:13.103767,Duration,0:00:00.003006
Task,"(479, '2019-10-29T02:40:13.104761', <LC.TB_data object at 0x000001BA37F6EF60>, '000d79d5b5e98d1ea05a30bf3ba89f0b10cb7d012aa2eb1727a0e5740747b4bf', '000fac3783d9e106ba07ac4251a9c99fc55cea4ffb8309eca014160f99431807', 685, 'TB')",Start_time,2019-10-28 22:40:13.104761,End_time,2019-10-28 22:40:13.107763,Duration,0:00:00.003002
Task,"(480, '2019-10-29T02:40:23.296300', 'Relative Genesis Block', '0001773bad347ead858e564e52bd6da6a2cc9323b6855b93778867afeabd6af9', '000d79d5b5e98d1ea05a30bf3ba89f0b10cb7d012aa2eb1727a0e5740747b4bf', 1885, 'RGB')",Start_time,2019-10-28 22:40:23.296300,End_time,2019-10-28 22:40:23.304332,Duration,0:00:00.008032
Task,"(481, '2019-10-29T02:40:23.307304', {'digest': 'C38B226D489D312EE7FC940C42E5651046F8827AFF9D8226CF06BAFA6591B217'}, '0004ed24d4b6a35f3767660debe6dafec2bbdd9ff5f355dd51e1a2c051af13c1', '0001773bad347ead858e564e52bd6da6a2cc9323b6855b93778867afeabd6af9', 534, 'DB')",Start_time,2019-10-28 22:40:23.307304,End_time,2019-10-28 22:40:23.308298,Duration,0:00:00.000994
Task,"(482, '2019-10-29T02:40:23.309299', <LC.TB_data object at 0x000001BA37F78390>, '000ae2fe04919e49acc8c0d46859d86c59d694747aa75aba5e17cde40092d467', '0004ed24d4b6a35f3767660debe6dafec2bbdd9ff5f355dd51e1a2c051af13c1', 595, 'TB')",Start_time,2019-10-28 22:40:23.309299,End_time,2019-10-28 22:40:23.311301,Duration,0:00:00.002002
Task,"(483, '2019-10-29T02:40:33.710509', 'Relative Genesis Block', '000cf692d4ead01926c2170d4b55612353e355bc8777e07fa479c1cb4644f260', '000ae2fe04919e49acc8c0d46859d86c59d694747aa75aba5e17cde40092d467', 5103, 'RGB')",Start_time,2019-10-28 22:40:33.710509,End_time,2019-10-28 22:40:33.733519,Duration,0:00:00.023010
Task,"(484, '2019-10-29T02:40:33.735508', {'digest': 'C38B226D489D312EE7FC940C42E5651046F8827AFF9D8226CF06BAFA6591B217'}, '000c8e4f5fc012f4386d946b1c6929d8779bffb2cf0feee060d38e224b5b42b3', '000cf692d4ead01926c2170d4b55612353e355bc8777e07fa479c1cb4644f260', 1362, 'DB')",Start_time,2019-10-28 22:40:33.735508,End_time,2019-10-28 22:40:33.741513,Duration,0:00:00.006005
Task,"(485, '2019-10-29T02:40:33.743508', <LC.TB_data object at 0x000001BA37F78470>, '0000b0f7796ab95f3136367d408355c51208c401ccb9f5a3406d29fbeccd4bbd', '000c8e4f5fc012f4386d946b1c6929d8779bffb2cf0feee060d38e224b5b42b3', 4312, 'TB')",Start_time,2019-10-28 22:40:33.743508,End_time,2019-10-28 22:40:33.757542,Duration,0:00:00.014034
Task,"(486, '2019-10-29T02:40:43.918706', 'Relative Genesis Block', '000e26de96fbcc8b4796341e2aca1c873b71891e4941187d18b432a913d6e2f3', '0000b0f7796ab95f3136367d408355c51208c401ccb9f5a3406d29fbeccd4bbd', 4809, 'RGB')",Start_time,2019-10-28 22:40:43.918706,End_time,2019-10-28 22:40:43.935667,Duration,0:00:00.016961
Task,"(487, '2019-10-29T02:40:43.937670', {'digest': 'C38B226D489D312EE7FC940C42E5651046F8827AFF9D8226CF06BAFA6591B217'}, '00083856c38fe1175efd25685a84e66877c7854ec9f505700b9fd7c1093e52ff', '000e26de96fbcc8b4796341e2aca1c873b71891e4941187d18b432a913d6e2f3', 1538, 'DB')",Start_time,2019-10-28 22:40:43.937670,End_time,2019-10-28 22:40:43.944674,Duration,0:00:00.007004
Task,"(488, '2019-10-29T02:40:43.945671', <LC.TB_data object at 0x000001BA37F78EB8>, '000ea8d65ca9d4f892f636e340a74197515e5b5abf21ea476d903a878880b354', '00083856c38fe1175efd25685a84e66877c7854ec9f505700b9fd7c1093e52ff', 1434, 'TB')",Start_time,2019-10-28 22:40:43.945671,End_time,2019-10-28 22:40:43.949667,Duration,0:00:00.003996
Task,"(489, '2019-10-29T02:40:54.117985', 'Relative Genesis Block', '000982fc942cbc947761ea3f42e5b83a386be0d9f0941673550eb8dc821f503d', '000ea8d65ca9d4f892f636e340a74197515e5b5abf21ea476d903a878880b354', 4270, 'RGB')",Start_time,2019-10-28 22:40:54.117985,End_time,2019-10-28 22:40:54.133993,Duration,0:00:00.016008
Task,"(490, '2019-10-29T02:40:54.134983', {'digest': 'C38B226D489D312EE7FC940C42E5651046F8827AFF9D8226CF06BAFA6591B217'}, '000ead26643a5318651a2f001bb439d4966177af866c222af70890cf85840e7a', '000982fc942cbc947761ea3f42e5b83a386be0d9f0941673550eb8dc821f503d', 608, 'DB')",Start_time,2019-10-28 22:40:54.134983,End_time,2019-10-28 22:40:54.136987,Duration,0:00:00.002004
Task,"(491, '2019-10-29T02:40:54.137983', <LC.TB_data object at 0x000001BA37F78F60>, '0004469ef3e392e904ab2a0e41bc3514ca7e057c040564d5ad8f8be2bafb70de', '000ead26643a5318651a2f001bb439d4966177af866c222af70890cf85840e7a', 2158, 'TB')",Start_time,2019-10-28 22:40:54.137983,End_time,2019-10-28 22:40:54.144982,Duration,0:00:00.006999
Task,"(492, '2019-10-29T02:41:04.352993', 'Relative Genesis Block', '000958709e2cb0816d4dd7309fda72642f81efca6f11ebb64b06cb9b5eee684b', '0004469ef3e392e904ab2a0e41bc3514ca7e057c040564d5ad8f8be2bafb70de', 2310, 'RGB')",Start_time,2019-10-28 22:41:04.352993,End_time,2019-10-28 22:41:04.360984,Duration,0:00:00.007991
Task,"(493, '2019-10-29T02:41:04.362986', {'digest': 'C38B226D489D312EE7FC940C42E5651046F8827AFF9D8226CF06BAFA6591B217'}, '00054699dfcc09f2a0e62ab6aeaab6fe12657492398a2a319611f4e7497b1164', '000958709e2cb0816d4dd7309fda72642f81efca6f11ebb64b06cb9b5eee684b', 3003, 'DB')",Start_time,2019-10-28 22:41:04.362986,End_time,2019-10-28 22:41:04.373988,Duration,0:00:00.011002
Task,"(494, '2019-10-29T02:41:04.375009', <LC.TB_data object at 0x000001BA37F81390>, '000d7496a725b210a07beac45aa2b8453b96240787158f31a4c7df04a37dd0d5', '00054699dfcc09f2a0e62ab6aeaab6fe12657492398a2a319611f4e7497b1164', 2362, 'TB')",Start_time,2019-10-28 22:41:04.375009,End_time,2019-10-28 22:41:04.380982,Duration,0:00:00.005973
Task,"(495, '2019-10-29T02:41:14.543990', 'Relative Genesis Block', '000e709fc7dfdd39c64dd184bfcd794cbbb23cc2ea316d5d2757f69be11e200b', '000d7496a725b210a07beac45aa2b8453b96240787158f31a4c7df04a37dd0d5', 249, 'RGB')",Start_time,2019-10-28 22:41:14.543990,End_time,2019-10-28 22:41:14.544987,Duration,0:00:00.000997
Task,"(496, '2019-10-29T02:41:14.545985', {'digest': 'C38B226D489D312EE7FC940C42E5651046F8827AFF9D8226CF06BAFA6591B217'}, '000b8b5087509cf1a8366c7f67683b33844e53fe2c059cef043b45fb3b5fb72e', '000e709fc7dfdd39c64dd184bfcd794cbbb23cc2ea316d5d2757f69be11e200b', 4753, 'DB')",Start_time,2019-10-28 22:41:14.545985,End_time,2019-10-28 22:41:14.565984,Duration,0:00:00.019999
Task,"(497, '2019-10-29T02:41:14.567986', <LC.TB_data object at 0x000001BA37F78C50>, '000bc77f62cb1a477ba14dcf8825cc5b95fee07d5d02f1446b816e5b8bc8203f', '000b8b5087509cf1a8366c7f67683b33844e53fe2c059cef043b45fb3b5fb72e', 7666, 'TB')",Start_time,2019-10-28 22:41:14.567986,End_time,2019-10-28 22:41:14.589982,Duration,0:00:00.021996
Task,"(498, '2019-10-29T02:41:24.759116', 'Relative Genesis Block', '000c0dc346bc2be0e495840ebb018b570e89840514be989ba9f74a3160e1ce33', '000bc77f62cb1a477ba14dcf8825cc5b95fee07d5d02f1446b816e5b8bc8203f', 243, 'RGB')",Start_time,2019-10-28 22:41:24.758119,End_time,2019-10-28 22:41:24.759116,Duration,0:00:00.000997
Task,"(499, '2019-10-29T02:41:24.761120', {'digest': 'C38B226D489D312EE7FC940C42E5651046F8827AFF9D8226CF06BAFA6591B217'}, '00068343c7bee901304263fa9715d16041ce575ebc615ac0b2101b7d75eeaf5c', '000c0dc346bc2be0e495840ebb018b570e89840514be989ba9f74a3160e1ce33', 3402, 'DB')",Start_time,2019-10-28 22:41:24.761120,End_time,2019-10-28 22:41:24.774153,Duration,0:00:00.013033
Task,"(500, '2019-10-29T02:41:24.775154', <LC.TB_data object at 0x000001BA37F6EB38>, '0000523f660698ffae34378048c893e3003aac8a5d7b47b5923d37745f8ca158', '00068343c7bee901304263fa9715d16041ce575ebc615ac0b2101b7d75eeaf5c', 1544, 'TB')",Start_time,2019-10-28 22:41:24.775154,End_time,2019-10-28 22:41:24.780116,Duration,0:00:00.004962
Task,"(501, '2019-10-29T02:41:34.942124', 'Relative Genesis Block', '0008e77efacf7f619c7ee9da8cdf34ba19b3e6daad9b9bfa99c2e5aca3622284', '0000523f660698ffae34378048c893e3003aac8a5d7b47b5923d37745f8ca158', 6602, 'RGB')",Start_time,2019-10-28 22:41:34.942124,End_time,2019-10-28 22:41:34.967117,Duration,0:00:00.024993
Task,"(502, '2019-10-29T02:41:34.969132', {'digest': 'C38B226D489D312EE7FC940C42E5651046F8827AFF9D8226CF06BAFA6591B217'}, '00001677e9d2541419932542121c4a45c55734fc527f244457f3779a5a461fe3', '0008e77efacf7f619c7ee9da8cdf34ba19b3e6daad9b9bfa99c2e5aca3622284', 5598, 'DB')",Start_time,2019-10-28 22:41:34.969132,End_time,2019-10-28 22:41:34.987115,Duration,0:00:00.017983
Task,"(503, '2019-10-29T02:41:34.988116', <LC.TB_data object at 0x000001BA37F6ECC0>, '000b85b0125a88b9e8514801a87b9c714c9d7da58ab7989dee7438e20706fd55', '00001677e9d2541419932542121c4a45c55734fc527f244457f3779a5a461fe3', 6199, 'TB')",Start_time,2019-10-28 22:41:34.988116,End_time,2019-10-28 22:41:35.013151,Duration,0:00:00.025035
Task,"(504, '2019-10-29T02:41:45.179118', 'Relative Genesis Block', '00015ea65e1604da484b61133c19cc6a6948ee2c202337473584fc053fd05196', '000b85b0125a88b9e8514801a87b9c714c9d7da58ab7989dee7438e20706fd55', 1937, 'RGB')",Start_time,2019-10-28 22:41:45.179118,End_time,2019-10-28 22:41:45.188143,Duration,0:00:00.009025
Task,"(505, '2019-10-29T02:41:45.190117', {'digest': 'C38B226D489D312EE7FC940C42E5651046F8827AFF9D8226CF06BAFA6591B217'}, '000bd9118078af8be43f9a4a7861de9868f63ea98fde323e1419eba34e6b7949', '00015ea65e1604da484b61133c19cc6a6948ee2c202337473584fc053fd05196', 38, 'DB')",Start_time,2019-10-28 22:41:45.190117,End_time,2019-10-28 22:41:45.190117,Duration,0:00:00
Task,"(506, '2019-10-29T02:41:45.193118', <LC.TB_data object at 0x000001BA37F6E320>, '000cde2a0c87a7c84c77c7c79ce4ef4e9d9e017b1d574df3649930c897381621', '000bd9118078af8be43f9a4a7861de9868f63ea98fde323e1419eba34e6b7949', 749, 'TB')",Start_time,2019-10-28 22:41:45.193118,End_time,2019-10-28 22:41:45.195131,Duration,0:00:00.002013
Task,"(507, '2019-10-29T02:41:55.372117', 'Relative Genesis Block', '0000e8dfe473badefafeab740c8bdd8375e955fed1d9c23198618dc19410b32c', '000cde2a0c87a7c84c77c7c79ce4ef4e9d9e017b1d574df3649930c897381621', 3881, 'RGB')",Start_time,2019-10-28 22:41:55.372117,End_time,2019-10-28 22:41:55.394119,Duration,0:00:00.022002
Task,"(508, '2019-10-29T02:41:55.395119', {'digest': 'C38B226D489D312EE7FC940C42E5651046F8827AFF9D8226CF06BAFA6591B217'}, '000b5fe20e359053f73a5ed6c4c9968ac730e28d42a88d84bbf6103d78bd3e54', '0000e8dfe473badefafeab740c8bdd8375e955fed1d9c23198618dc19410b32c', 3454, 'DB')",Start_time,2019-10-28 22:41:55.395119,End_time,2019-10-28 22:41:55.406119,Duration,0:00:00.011000
Task,"(509, '2019-10-29T02:41:55.409152', <LC.TB_data object at 0x000001BA37F40748>, '000644d32b58a51220b3f1ab06fbea40ae6add2fcea1e3d889c4d76559051b97', '000b5fe20e359053f73a5ed6c4c9968ac730e28d42a88d84bbf6103d78bd3e54', 2647, 'TB')",Start_time,2019-10-28 22:41:55.409152,End_time,2019-10-28 22:41:55.416114,Duration,0:00:00.006962
Task,"(510, '2019-10-29T02:42:05.626125', 'Relative Genesis Block', '000de956db9839152a3938a685d6f6b0aabbfd02c75aa9c54b0bf839662f8be3', '000644d32b58a51220b3f1ab06fbea40ae6add2fcea1e3d889c4d76559051b97', 375, 'RGB')",Start_time,2019-10-28 22:42:05.626125,End_time,2019-10-28 22:42:05.628119,Duration,0:00:00.001994
Task,"(511, '2019-10-29T02:42:05.629117', {'digest': 'C38B226D489D312EE7FC940C42E5651046F8827AFF9D8226CF06BAFA6591B217'}, '000e3cd2834be7acbc5ef09bdd0820ef8d80920138de81246ec3b2f6d44ed8d1', '000de956db9839152a3938a685d6f6b0aabbfd02c75aa9c54b0bf839662f8be3', 5014, 'DB')",Start_time,2019-10-28 22:42:05.629117,End_time,2019-10-28 22:42:05.652121,Duration,0:00:00.023004
Task,"(512, '2019-10-29T02:42:05.653122', <LC.TB_data object at 0x000001BA37F4E7B8>, '000b8fcf48db03e20b20169a0904fbb33e4cb3b071163888c7d9ace6e032d698', '000e3cd2834be7acbc5ef09bdd0820ef8d80920138de81246ec3b2f6d44ed8d1', 10845, 'TB')",Start_time,2019-10-28 22:42:05.653122,End_time,2019-10-28 22:42:05.683113,Duration,0:00:00.029991
Task,"(513, '2019-10-29T02:42:15.851130', 'Relative Genesis Block', '000342261aef91d5788f0e936707f73d1d85cf9e40e4e5bb22a6756eb8dfc27e', '000b8fcf48db03e20b20169a0904fbb33e4cb3b071163888c7d9ace6e032d698', 2728, 'RGB')",Start_time,2019-10-28 22:42:15.851130,End_time,2019-10-28 22:42:15.864117,Duration,0:00:00.012987
Task,"(514, '2019-10-29T02:42:15.865117', {'digest': 'C38B226D489D312EE7FC940C42E5651046F8827AFF9D8226CF06BAFA6591B217'}, '000ff7e1fbaafa07ecf23f099a1dd662edbf5d9dd310a1ec77db7f500927dfea', '000342261aef91d5788f0e936707f73d1d85cf9e40e4e5bb22a6756eb8dfc27e', 323, 'DB')",Start_time,2019-10-28 22:42:15.865117,End_time,2019-10-28 22:42:15.868117,Duration,0:00:00.003000
Task,"(515, '2019-10-29T02:42:15.869118', <LC.TB_data object at 0x000001BA37EB9550>, '000f92e561d9f1c86d0077e33a52e6bdaa77c55de692f929f934b22a03c9f99c', '000ff7e1fbaafa07ecf23f099a1dd662edbf5d9dd310a1ec77db7f500927dfea', 242, 'TB')",Start_time,2019-10-28 22:42:15.869118,End_time,2019-10-28 22:42:15.870122,Duration,0:00:00.001004
Task,"(516, '2019-10-29T02:42:26.352118', 'Relative Genesis Block', '000d12f187ac9c9b016fc9aa1f4fc173a9f8ab502439b06a8cd97123563fc335', '000f92e561d9f1c86d0077e33a52e6bdaa77c55de692f929f934b22a03c9f99c', 4318, 'RGB')",Start_time,2019-10-28 22:42:26.352118,End_time,2019-10-28 22:42:26.377119,Duration,0:00:00.025001
Task,"(517, '2019-10-29T02:42:26.383121', {'digest': 'C38B226D489D312EE7FC940C42E5651046F8827AFF9D8226CF06BAFA6591B217'}, '0004b6103210fcb18eaaf32b4335ea3576aa37e5c4bc487d2e7428b7fee7a69d', '000d12f187ac9c9b016fc9aa1f4fc173a9f8ab502439b06a8cd97123563fc335', 1241, 'DB')",Start_time,2019-10-28 22:42:26.383121,End_time,2019-10-28 22:42:26.392121,Duration,0:00:00.009000
Task,"(518, '2019-10-29T02:42:26.394118', <LC.TB_data object at 0x000001BA37F0AC50>, '0000680443af932ce18a96c693c19ae1dec42557693e258ed46416321c4d196c', '0004b6103210fcb18eaaf32b4335ea3576aa37e5c4bc487d2e7428b7fee7a69d', 285, 'TB')",Start_time,2019-10-28 22:42:26.394118,End_time,2019-10-28 22:42:26.395118,Duration,0:00:00.001000
Task,"(519, '2019-10-29T02:42:36.576119', 'Relative Genesis Block', '00041772ee506d3d32bfad18b1b14b2248534a0d1224df4b8e5935a865d0ac85', '0000680443af932ce18a96c693c19ae1dec42557693e258ed46416321c4d196c', 8125, 'RGB')",Start_time,2019-10-28 22:42:36.576119,End_time,2019-10-28 22:42:36.611114,Duration,0:00:00.034995
Task,"(520, '2019-10-29T02:42:36.612114', {'digest': 'C38B226D489D312EE7FC940C42E5651046F8827AFF9D8226CF06BAFA6591B217'}, '00070c542cbfd5a0c226216614c13067f385f33f2b6e784650e6489537b758a8', '00041772ee506d3d32bfad18b1b14b2248534a0d1224df4b8e5935a865d0ac85', 792, 'DB')",Start_time,2019-10-28 22:42:36.612114,End_time,2019-10-28 22:42:36.614118,Duration,0:00:00.002004
Task,"(521, '2019-10-29T02:42:36.615115', <LC.TB_data object at 0x000001BA37F5B0F0>, '0001423c84de1cc0ae2ae37b71e88c40e84351f9219414ecfe95cbd7f9ce0998', '00070c542cbfd5a0c226216614c13067f385f33f2b6e784650e6489537b758a8', 7602, 'TB')",Start_time,2019-10-28 22:42:36.615115,End_time,2019-10-28 22:42:36.650115,Duration,0:00:00.035000
Task,"(522, '2019-10-29T02:42:46.849117', 'Relative Genesis Block', '00021d885dcda15153a851802a91330310a9fc7ab470843b80a98e51ec4ad094', '0001423c84de1cc0ae2ae37b71e88c40e84351f9219414ecfe95cbd7f9ce0998', 2285, 'RGB')",Start_time,2019-10-28 22:42:46.849117,End_time,2019-10-28 22:42:46.859121,Duration,0:00:00.010004
Task,"(523, '2019-10-29T02:42:46.861141', {'digest': 'C38B226D489D312EE7FC940C42E5651046F8827AFF9D8226CF06BAFA6591B217'}, '000434c328f59f0873c4375ee643ea4ad48156356c1e0c3f09d709f7e81f627f', '00021d885dcda15153a851802a91330310a9fc7ab470843b80a98e51ec4ad094', 5990, 'DB')",Start_time,2019-10-28 22:42:46.861141,End_time,2019-10-28 22:42:46.885115,Duration,0:00:00.023974
Task,"(524, '2019-10-29T02:42:46.886122', <LC.TB_data object at 0x000001BA37F66128>, '000a83154c340234ba04f3e7541040fff2479f15b79d782e1f03bb8711a02f34', '000434c328f59f0873c4375ee643ea4ad48156356c1e0c3f09d709f7e81f627f', 2215, 'TB')",Start_time,2019-10-28 22:42:46.886122,End_time,2019-10-28 22:42:46.893117,Duration,0:00:00.006995
Task,"(525, '2019-10-29T02:42:57.076118', 'Relative Genesis Block', '000b39c7ff8243319849cbe93ef8629e797f0347abdc6a99a5ca3e1b18d4c124', '000a83154c340234ba04f3e7541040fff2479f15b79d782e1f03bb8711a02f34', 1491, 'RGB')",Start_time,2019-10-28 22:42:57.076118,End_time,2019-10-28 22:42:57.082116,Duration,0:00:00.005998
Task,"(526, '2019-10-29T02:42:57.084118', {'digest': 'C38B226D489D312EE7FC940C42E5651046F8827AFF9D8226CF06BAFA6591B217'}, '0006c5d390c3c1c3dd45b05eebe5d2cefcf59876e406660d36cf46627b8a01f4', '000b39c7ff8243319849cbe93ef8629e797f0347abdc6a99a5ca3e1b18d4c124', 9021, 'DB')",Start_time,2019-10-28 22:42:57.084118,End_time,2019-10-28 22:42:57.118119,Duration,0:00:00.034001
Task,"(527, '2019-10-29T02:42:57.119116', <LC.TB_data object at 0x000001BA37F66860>, '000b271880958c22eb55138b491d8c2ecb16cdf03dcb88bf4ae418caa0266b3f', '0006c5d390c3c1c3dd45b05eebe5d2cefcf59876e406660d36cf46627b8a01f4', 806, 'TB')",Start_time,2019-10-28 22:42:57.119116,End_time,2019-10-28 22:42:57.120116,Duration,0:00:00.001000
Task,"(528, '2019-10-29T02:43:07.294862', 'Relative Genesis Block', '000b12f0f1c3afe3f80236e64be5296b965fed9e9717aaf37b32c1e139717bb0', '000b271880958c22eb55138b491d8c2ecb16cdf03dcb88bf4ae418caa0266b3f', 4688, 'RGB')",Start_time,2019-10-28 22:43:07.294862,End_time,2019-10-28 22:43:07.315858,Duration,0:00:00.020996
Task,"(529, '2019-10-29T02:43:07.317874', {'digest': 'C38B226D489D312EE7FC940C42E5651046F8827AFF9D8226CF06BAFA6591B217'}, '00057bc44c86deb69344c48cdab58b03b84cf40a2b67a2bd4ae85448f0d4f72a', '000b12f0f1c3afe3f80236e64be5296b965fed9e9717aaf37b32c1e139717bb0', 400, 'DB')",Start_time,2019-10-28 22:43:07.317874,End_time,2019-10-28 22:43:07.318860,Duration,0:00:00.000986
Task,"(530, '2019-10-29T02:43:07.319863', <LC.TB_data object at 0x000001BA37F81A90>, '000d20192142d4b823681a83497311204953bf8bf57a9334191095f3f899aaa7', '00057bc44c86deb69344c48cdab58b03b84cf40a2b67a2bd4ae85448f0d4f72a', 1707, 'TB')",Start_time,2019-10-28 22:43:07.319863,End_time,2019-10-28 22:43:07.325890,Duration,0:00:00.006027
Task,"(531, '2019-10-29T02:43:17.481025', 'Relative Genesis Block', '00084c10540c178bc78539931c8a3025fe4d3db64890c4747b00ef304aa257e3', '000d20192142d4b823681a83497311204953bf8bf57a9334191095f3f899aaa7', 4770, 'RGB')",Start_time,2019-10-28 22:43:17.480027,End_time,2019-10-28 22:43:17.503024,Duration,0:00:00.022997
Task,"(532, '2019-10-29T02:43:17.505027', {'digest': 'C38B226D489D312EE7FC940C42E5651046F8827AFF9D8226CF06BAFA6591B217'}, '000924217f31bd328d8fcba007801b3baaa1f48d7ad6ba1eb7175269ec3499d0', '00084c10540c178bc78539931c8a3025fe4d3db64890c4747b00ef304aa257e3', 1935, 'DB')",Start_time,2019-10-28 22:43:17.505027,End_time,2019-10-28 22:43:17.512062,Duration,0:00:00.007035
Task,"(533, '2019-10-29T02:43:17.513024', <LC.TB_data object at 0x000001BA37F81EF0>, '0006e335f7fa777a2499409577153a34be30155fb7af4b439b672e767802fb4d', '000924217f31bd328d8fcba007801b3baaa1f48d7ad6ba1eb7175269ec3499d0', 3992, 'TB')",Start_time,2019-10-28 22:43:17.513024,End_time,2019-10-28 22:43:17.523169,Duration,0:00:00.010145
Task,"(534, '2019-10-29T02:43:27.687558', 'Relative Genesis Block', '000d88dea3fb8a15ab60382c6195ed6dbc380144f38238e18eaf167dee85a025', '0006e335f7fa777a2499409577153a34be30155fb7af4b439b672e767802fb4d', 6669, 'RGB')",Start_time,2019-10-28 22:43:27.687558,End_time,2019-10-28 22:43:27.725555,Duration,0:00:00.037997
Task,"(535, '2019-10-29T02:43:27.727555', {'digest': 'C38B226D489D312EE7FC940C42E5651046F8827AFF9D8226CF06BAFA6591B217'}, '000f437c3369b7e2a759d88d941101ff828a5aec2d478c6863d7f9e4490dc0c3', '000d88dea3fb8a15ab60382c6195ed6dbc380144f38238e18eaf167dee85a025', 21070, 'DB')",Start_time,2019-10-28 22:43:27.727555,End_time,2019-10-28 22:43:27.816554,Duration,0:00:00.088999
Task,"(536, '2019-10-29T02:43:27.817556', <LC.TB_data object at 0x000001BA37F81F28>, '0000e3c4cb70381ff183260ce9d3d1d1b47ca103b92fb446f42e166bad66f74a', '000f437c3369b7e2a759d88d941101ff828a5aec2d478c6863d7f9e4490dc0c3', 5276, 'TB')",Start_time,2019-10-28 22:43:27.817556,End_time,2019-10-28 22:43:27.840554,Duration,0:00:00.022998
Task,"(537, '2019-10-29T02:43:37.997901', 'Relative Genesis Block', '000047640b0df149c48463ec17ad13d44594c384b753355db8b65ee41700b728', '0000e3c4cb70381ff183260ce9d3d1d1b47ca103b92fb446f42e166bad66f74a', 324, 'RGB')",Start_time,2019-10-28 22:43:37.997901,End_time,2019-10-28 22:43:37.999898,Duration,0:00:00.001997
Task,"(538, '2019-10-29T02:43:38.001900', {'digest': 'C38B226D489D312EE7FC940C42E5651046F8827AFF9D8226CF06BAFA6591B217'}, '000b294184e064a5ac71c2c20cd02f216c40d6d8ec623ec83173129f2336e7b4', '000047640b0df149c48463ec17ad13d44594c384b753355db8b65ee41700b728', 1534, 'DB')",Start_time,2019-10-28 22:43:38.001900,End_time,2019-10-28 22:43:38.010898,Duration,0:00:00.008998
Task,"(539, '2019-10-29T02:43:38.011923', <LC.TB_data object at 0x000001BA37F8C630>, '00075cf6c528d0525728700e2f35b0015f60a10c509915449d743511caedae75', '000b294184e064a5ac71c2c20cd02f216c40d6d8ec623ec83173129f2336e7b4', 1788, 'TB')",Start_time,2019-10-28 22:43:38.011923,End_time,2019-10-28 22:43:38.020905,Duration,0:00:00.008982
Task,"(540, '2019-10-29T02:43:48.198946', 'Relative Genesis Block', '00034aa852fc12a145cac4056f16930de0c6d4bd1356e531b076c7640313c1cd', '00075cf6c528d0525728700e2f35b0015f60a10c509915449d743511caedae75', 610, 'RGB')",Start_time,2019-10-28 22:43:48.198946,End_time,2019-10-28 22:43:48.201947,Duration,0:00:00.003001
Task,"(541, '2019-10-29T02:43:48.203946', {'digest': 'C38B226D489D312EE7FC940C42E5651046F8827AFF9D8226CF06BAFA6591B217'}, '00044e316eba82cb403426292d3cb406831d9cc042ead023696116ddf92af2a4', '00034aa852fc12a145cac4056f16930de0c6d4bd1356e531b076c7640313c1cd', 250, 'DB')",Start_time,2019-10-28 22:43:48.203946,End_time,2019-10-28 22:43:48.204946,Duration,0:00:00.001000
Task,"(542, '2019-10-29T02:43:48.205946', <LC.TB_data object at 0x000001BA37F8C4A8>, '000ee190fea898d42d64fa762b4f515acd6ec51b9e62199acc4ae2f5ba4cd27c', '00044e316eba82cb403426292d3cb406831d9cc042ead023696116ddf92af2a4', 8589, 'TB')",Start_time,2019-10-28 22:43:48.205946,End_time,2019-10-28 22:43:48.250956,Duration,0:00:00.045010
Task,"(543, '2019-10-29T02:43:58.465303', 'Relative Genesis Block', '00069cb40a5db202acd5ddeb7c57edeadabdf01e73fe42fefab41bcc8fb7f588', '000ee190fea898d42d64fa762b4f515acd6ec51b9e62199acc4ae2f5ba4cd27c', 3643, 'RGB')",Start_time,2019-10-28 22:43:58.465303,End_time,2019-10-28 22:43:58.477298,Duration,0:00:00.011995
Task,"(544, '2019-10-29T02:43:58.479299', {'digest': 'C38B226D489D312EE7FC940C42E5651046F8827AFF9D8226CF06BAFA6591B217'}, '00009638eccd6efc387c6a76cb61f128b5e76605c30512d56fe79ce2b07458b3', '00069cb40a5db202acd5ddeb7c57edeadabdf01e73fe42fefab41bcc8fb7f588', 2275, 'DB')",Start_time,2019-10-28 22:43:58.479299,End_time,2019-10-28 22:43:58.488317,Duration,0:00:00.009018
Task,"(545, '2019-10-29T02:43:58.489305', <LC.TB_data object at 0x000001BA37F8CEF0>, '00032b3147f2def7c5b2cab46555deb9def43eec1253a42d3d86334d866c2eba', '00009638eccd6efc387c6a76cb61f128b5e76605c30512d56fe79ce2b07458b3', 444, 'TB')",Start_time,2019-10-28 22:43:58.489305,End_time,2019-10-28 22:43:58.492346,Duration,0:00:00.003041
Task,"(546, '2019-10-29T02:44:08.659769', 'Relative Genesis Block', '000afa0badfb93198f26dacbea63b21214a97e768bd4f0d55e2027e89cdc814c', '00032b3147f2def7c5b2cab46555deb9def43eec1253a42d3d86334d866c2eba', 6609, 'RGB')",Start_time,2019-10-28 22:44:08.659769,End_time,2019-10-28 22:44:08.691767,Duration,0:00:00.031998
Task,"(547, '2019-10-29T02:44:08.692767', {'digest': 'C38B226D489D312EE7FC940C42E5651046F8827AFF9D8226CF06BAFA6591B217'}, '000bbdeddc84f39b35884f7f06ea451d46b4274a0857b3b60bfc6de99020364d', '000afa0badfb93198f26dacbea63b21214a97e768bd4f0d55e2027e89cdc814c', 3770, 'DB')",Start_time,2019-10-28 22:44:08.692767,End_time,2019-10-28 22:44:08.701767,Duration,0:00:00.009000
Task,"(548, '2019-10-29T02:44:08.703770', <LC.TB_data object at 0x000001BA37F8CF28>, '000921acd5a42815d3701937115fa6370fa6b1cc8d6e91568e77b0a39c23e021', '000bbdeddc84f39b35884f7f06ea451d46b4274a0857b3b60bfc6de99020364d', 1195, 'TB')",Start_time,2019-10-28 22:44:08.703770,End_time,2019-10-28 22:44:08.713767,Duration,0:00:00.009997
Task,"(549, '2019-10-29T02:44:18.895770', 'Relative Genesis Block', '000ebc860a3005694d2c61c5a124e0f2293197b6ac2cf63691c488309955e218', '000921acd5a42815d3701937115fa6370fa6b1cc8d6e91568e77b0a39c23e021', 6718, 'RGB')",Start_time,2019-10-28 22:44:18.895770,End_time,2019-10-28 22:44:18.925803,Duration,0:00:00.030033
Task,"(550, '2019-10-29T02:44:18.926768', {'digest': 'C38B226D489D312EE7FC940C42E5651046F8827AFF9D8226CF06BAFA6591B217'}, '000ff25593a8a2fc3512dc20c3f083c97a593af787e5d5d8772d406c5d0f46f2', '000ebc860a3005694d2c61c5a124e0f2293197b6ac2cf63691c488309955e218', 60, 'DB')",Start_time,2019-10-28 22:44:18.926768,End_time,2019-10-28 22:44:18.926768,Duration,0:00:00
Task,"(551, '2019-10-29T02:44:18.927768', <LC.TB_data object at 0x000001BA37F91630>, '000de05d0dc8f25da0912e69965a7edf4f0dda6ecc39d589cbe682eabb557f50', '000ff25593a8a2fc3512dc20c3f083c97a593af787e5d5d8772d406c5d0f46f2', 14724, 'TB')",Start_time,2019-10-28 22:44:18.927768,End_time,2019-10-28 22:44:18.959800,Duration,0:00:00.032032
Task,"(552, '2019-10-29T02:44:29.125117', 'Relative Genesis Block', '000fe4ae7920c785ef4760aec7753eee7fb7ca5f4b211876041670955bc1de24', '000de05d0dc8f25da0912e69965a7edf4f0dda6ecc39d589cbe682eabb557f50', 5869, 'RGB')",Start_time,2019-10-28 22:44:29.125117,End_time,2019-10-28 22:44:29.148115,Duration,0:00:00.022998
Task,"(553, '2019-10-29T02:44:29.152132', {'digest': 'C38B226D489D312EE7FC940C42E5651046F8827AFF9D8226CF06BAFA6591B217'}, '00081d105b677e035f4d5050df135c712bdfac7233ace490ee2a63533743733f', '000fe4ae7920c785ef4760aec7753eee7fb7ca5f4b211876041670955bc1de24', 3447, 'DB')",Start_time,2019-10-28 22:44:29.152132,End_time,2019-10-28 22:44:29.161115,Duration,0:00:00.008983
Task,"(554, '2019-10-29T02:44:29.162151', <LC.TB_data object at 0x000001BA37F8CC88>, '0008c717432f316012ff8b044f995e8d9171d698a2ac97ddf055aba8a83a2455', '00081d105b677e035f4d5050df135c712bdfac7233ace490ee2a63533743733f', 7189, 'TB')",Start_time,2019-10-28 22:44:29.162151,End_time,2019-10-28 22:44:29.179112,Duration,0:00:00.016961
Task,"(555, '2019-10-29T02:44:39.345192', 'Relative Genesis Block', '000972841ba87c5c6c3c2a9fbec2bbe380c5739d764f2281a47ffa3be7ca9598', '0008c717432f316012ff8b044f995e8d9171d698a2ac97ddf055aba8a83a2455', 3339, 'RGB')",Start_time,2019-10-28 22:44:39.345192,End_time,2019-10-28 22:44:39.359196,Duration,0:00:00.014004
Task,"(556, '2019-10-29T02:44:39.360191', {'digest': 'C38B226D489D312EE7FC940C42E5651046F8827AFF9D8226CF06BAFA6591B217'}, '000ce1947ce1f9bc0447ed3bc2a0fa7f7130623656c416a670c8a3e161a2199d', '000972841ba87c5c6c3c2a9fbec2bbe380c5739d764f2281a47ffa3be7ca9598', 3201, 'DB')",Start_time,2019-10-28 22:44:39.360191,End_time,2019-10-28 22:44:39.372193,Duration,0:00:00.012002
Task,"(557, '2019-10-29T02:44:39.373192', <LC.TB_data object at 0x000001BA37F816A0>, '0004747daefc0ff520cd3cfd5d3443e312d026a9c71dbeb7e02ba97c5e3a06db', '000ce1947ce1f9bc0447ed3bc2a0fa7f7130623656c416a670c8a3e161a2199d', 2156, 'TB')",Start_time,2019-10-28 22:44:39.373192,End_time,2019-10-28 22:44:39.379223,Duration,0:00:00.006031
Task,"(558, '2019-10-29T02:44:49.555550', 'Relative Genesis Block', '000e356853c24f3e005d4268381c58a8e9d1ec5f8a6419f49d6062150f2a944a', '0004747daefc0ff520cd3cfd5d3443e312d026a9c71dbeb7e02ba97c5e3a06db', 2323, 'RGB')",Start_time,2019-10-28 22:44:49.555550,End_time,2019-10-28 22:44:49.564541,Duration,0:00:00.008991
Task,"(559, '2019-10-29T02:44:49.565543', {'digest': 'C38B226D489D312EE7FC940C42E5651046F8827AFF9D8226CF06BAFA6591B217'}, '000c03e755c10c82c5c944629ebb2c088bfc90bf650525900d7945e400e738c1', '000e356853c24f3e005d4268381c58a8e9d1ec5f8a6419f49d6062150f2a944a', 1890, 'DB')",Start_time,2019-10-28 22:44:49.565543,End_time,2019-10-28 22:44:49.574540,Duration,0:00:00.008997
Task,"(560, '2019-10-29T02:44:49.575547', <LC.TB_data object at 0x000001BA37F66AC8>, '00088de4e4cc382f243f94096afe148cfdb482cd58539b406b0e0d193c23b36d', '000c03e755c10c82c5c944629ebb2c088bfc90bf650525900d7945e400e738c1', 1276, 'TB')",Start_time,2019-10-28 22:44:49.575547,End_time,2019-10-28 22:44:49.580543,Duration,0:00:00.004996
Task,"(561, '2019-10-29T02:44:59.734544', 'Relative Genesis Block', '0002d2145162db6724217b573b10c17889c213bc2e7972e0dfc515f2a3a5524f', '00088de4e4cc382f243f94096afe148cfdb482cd58539b406b0e0d193c23b36d', 2326, 'RGB')",Start_time,2019-10-28 22:44:59.734544,End_time,2019-10-28 22:44:59.743540,Duration,0:00:00.008996
Task,"(562, '2019-10-29T02:44:59.744547', {'digest': 'C38B226D489D312EE7FC940C42E5651046F8827AFF9D8226CF06BAFA6591B217'}, '0005c1719db05d4088a084880042448dbfd293cc3243b8fdaadcf8f0d0ba2e73', '0002d2145162db6724217b573b10c17889c213bc2e7972e0dfc515f2a3a5524f', 4188, 'DB')",Start_time,2019-10-28 22:44:59.744547,End_time,2019-10-28 22:44:59.759544,Duration,0:00:00.014997
Task,"(563, '2019-10-29T02:44:59.760542', <LC.TB_data object at 0x000001BA37F81A58>, '000359a79bfaf8ddace2a2e53af5ae25d8c9ba3645ff75e7f3ccb5847e6aab76', '0005c1719db05d4088a084880042448dbfd293cc3243b8fdaadcf8f0d0ba2e73', 7403, 'TB')",Start_time,2019-10-28 22:44:59.760542,End_time,2019-10-28 22:44:59.781541,Duration,0:00:00.020999
Task,"(564, '2019-10-29T02:45:09.937879', 'Relative Genesis Block', '000e44ce453d59d3f9d6739eb320b679eea8e01ec194c0321c9fdfba66ba8396', '000359a79bfaf8ddace2a2e53af5ae25d8c9ba3645ff75e7f3ccb5847e6aab76', 12893, 'RGB')",Start_time,2019-10-28 22:45:09.937879,End_time,2019-10-28 22:45:09.981874,Duration,0:00:00.043995
Task,"(565, '2019-10-29T02:45:09.982877', {'digest': 'C38B226D489D312EE7FC940C42E5651046F8827AFF9D8226CF06BAFA6591B217'}, '0002bab23f5d0ecef99d5fa545265c7d3bdbf9a6c94594c93bbb74510dc7eaee', '000e44ce453d59d3f9d6739eb320b679eea8e01ec194c0321c9fdfba66ba8396', 9440, 'DB')",Start_time,2019-10-28 22:45:09.982877,End_time,2019-10-28 22:45:10.005874,Duration,0:00:00.022997
Task,"(566, '2019-10-29T02:45:10.006877', <LC.TB_data object at 0x000001BA37F5BB70>, '000809daae7330a7f3d8aedc2c477a2467274324c1667c721b39fc23171b104c', '0002bab23f5d0ecef99d5fa545265c7d3bdbf9a6c94594c93bbb74510dc7eaee', 1661, 'TB')",Start_time,2019-10-28 22:45:10.006877,End_time,2019-10-28 22:45:10.010877,Duration,0:00:00.004000
Task,"(567, '2019-10-29T02:45:20.199968', 'Relative Genesis Block', '000fe451b4a3ede0ff14bb8cd3d963915f93ba1a0d3f97b48cc1beabde852a4f', '000809daae7330a7f3d8aedc2c477a2467274324c1667c721b39fc23171b104c', 2112, 'RGB')",Start_time,2019-10-28 22:45:20.199968,End_time,2019-10-28 22:45:20.209976,Duration,0:00:00.010008
Task,"(568, '2019-10-29T02:45:20.210976', {'digest': 'C38B226D489D312EE7FC940C42E5651046F8827AFF9D8226CF06BAFA6591B217'}, '00024c7396028efd58ccbe6d21c06a6f4c3b8a985ca2cddc12a9f56f22182d73', '000fe451b4a3ede0ff14bb8cd3d963915f93ba1a0d3f97b48cc1beabde852a4f', 2668, 'DB')",Start_time,2019-10-28 22:45:20.210976,End_time,2019-10-28 22:45:20.221965,Duration,0:00:00.010989
Task,"(569, '2019-10-29T02:45:20.222966', <LC.TB_data object at 0x000001BA37F81C88>, '000f480f597e3ef708511f60c9776ca6f00ba0aab6f83ec2564ac1677aaf38af', '00024c7396028efd58ccbe6d21c06a6f4c3b8a985ca2cddc12a9f56f22182d73', 744, 'TB')",Start_time,2019-10-28 22:45:20.222966,End_time,2019-10-28 22:45:20.225971,Duration,0:00:00.003005
Task,"(570, '2019-10-29T02:45:30.390985', 'Relative Genesis Block', '0002e7b17c378a37155414676cda265b02be42af30f4b0db8aee66f9dfa88fba', '000f480f597e3ef708511f60c9776ca6f00ba0aab6f83ec2564ac1677aaf38af', 5688, 'RGB')",Start_time,2019-10-28 22:45:30.390985,End_time,2019-10-28 22:45:30.426966,Duration,0:00:00.035981
Task,"(571, '2019-10-29T02:45:30.437966', {'digest': 'C38B226D489D312EE7FC940C42E5651046F8827AFF9D8226CF06BAFA6591B217'}, '0007979ce06bcc757b294395e8fe09851a40ae46cd2dc75cce2427b6de6c21d6', '0002e7b17c378a37155414676cda265b02be42af30f4b0db8aee66f9dfa88fba', 781, 'DB')",Start_time,2019-10-28 22:45:30.437966,End_time,2019-10-28 22:45:30.471971,Duration,0:00:00.034005
Task,"(572, '2019-10-29T02:45:30.499967', <LC.TB_data object at 0x000001BA37F40A58>, '00009795cce35df86a78dfe7b45e3d3997aa9a84dcfc84a31f5b550b05a924b0', '0007979ce06bcc757b294395e8fe09851a40ae46cd2dc75cce2427b6de6c21d6', 1678, 'TB')",Start_time,2019-10-28 22:45:30.499967,End_time,2019-10-28 22:45:30.513969,Duration,0:00:00.014002
Task,"(573, '2019-10-29T02:45:40.911968', 'Relative Genesis Block', '000abb511cc5d79c1617f3b24769cff36671c310049ae7c65b39b08dc1c5be62', '00009795cce35df86a78dfe7b45e3d3997aa9a84dcfc84a31f5b550b05a924b0', 1473, 'RGB')",Start_time,2019-10-28 22:45:40.911968,End_time,2019-10-28 22:45:40.916966,Duration,0:00:00.004998
Task,"(574, '2019-10-29T02:45:40.918990', {'digest': 'C38B226D489D312EE7FC940C42E5651046F8827AFF9D8226CF06BAFA6591B217'}, '00016eb530daffc2657b54cb2ff6abc8cac97b2de6d14263640d124f950a7e51', '000abb511cc5d79c1617f3b24769cff36671c310049ae7c65b39b08dc1c5be62', 3208, 'DB')",Start_time,2019-10-28 22:45:40.918990,End_time,2019-10-28 22:45:40.931970,Duration,0:00:00.012980
Task,"(575, '2019-10-29T02:45:40.933967', <LC.TB_data object at 0x000001BA37F819B0>, '00012ff12caee58acb1ee02d3f2323c2223b0d0347b77faa9e3a5b0222749c4f', '00016eb530daffc2657b54cb2ff6abc8cac97b2de6d14263640d124f950a7e51', 12517, 'TB')",Start_time,2019-10-28 22:45:40.933967,End_time,2019-10-28 22:45:40.983964,Duration,0:00:00.049997
Task,"(576, '2019-10-29T02:45:51.462969', 'Relative Genesis Block', '00087ba2a569931f7fb6c3038d91253dada96d6d45dc8d3a81239172e66acc1b', '00012ff12caee58acb1ee02d3f2323c2223b0d0347b77faa9e3a5b0222749c4f', 10694, 'RGB')",Start_time,2019-10-28 22:45:51.462969,End_time,2019-10-28 22:45:51.504966,Duration,0:00:00.041997
Task,"(577, '2019-10-29T02:45:51.505965', {'digest': 'C38B226D489D312EE7FC940C42E5651046F8827AFF9D8226CF06BAFA6591B217'}, '00089839f9c6be9ef29e898f52e285e8e231fa7dd4c0a2569cab490b37cd5031', '00087ba2a569931f7fb6c3038d91253dada96d6d45dc8d3a81239172e66acc1b', 2903, 'DB')",Start_time,2019-10-28 22:45:51.505965,End_time,2019-10-28 22:45:51.512966,Duration,0:00:00.007001
Task,"(578, '2019-10-29T02:45:51.513966', <LC.TB_data object at 0x000001BA37F6EDD8>, '000cf27893807fc9b42776c9ee767a4f7c1f41f1551b98c59d96c61ebcba0dd2', '00089839f9c6be9ef29e898f52e285e8e231fa7dd4c0a2569cab490b37cd5031', 5933, 'TB')",Start_time,2019-10-28 22:45:51.513966,End_time,2019-10-28 22:45:51.535967,Duration,0:00:00.022001
Task,"(579, '2019-10-29T02:46:01.925969', 'Relative Genesis Block', '0005d07f6e02b9aa0766142d3454e1b0c28e50604bd5047d800a7e997cd9c656', '000cf27893807fc9b42776c9ee767a4f7c1f41f1551b98c59d96c61ebcba0dd2', 2116, 'RGB')",Start_time,2019-10-28 22:46:01.925969,End_time,2019-10-28 22:46:01.931969,Duration,0:00:00.006000
Task,"(580, '2019-10-29T02:46:01.931969', {'digest': 'C38B226D489D312EE7FC940C42E5651046F8827AFF9D8226CF06BAFA6591B217'}, '000f9f8a0f60581f0853219f28d24616e4ad1f726eb3e91cce99870178642495', '0005d07f6e02b9aa0766142d3454e1b0c28e50604bd5047d800a7e997cd9c656', 2601, 'DB')",Start_time,2019-10-28 22:46:01.931969,End_time,2019-10-28 22:46:01.943966,Duration,0:00:00.011997
Task,"(581, '2019-10-29T02:46:01.944968', <LC.TB_data object at 0x000001BA37F78E48>, '000793a2e453fa0a60cb29b3f3212390d30d172c07a9f70215d78c0f00d69a42', '000f9f8a0f60581f0853219f28d24616e4ad1f726eb3e91cce99870178642495', 545, 'TB')",Start_time,2019-10-28 22:46:01.944968,End_time,2019-10-28 22:46:01.947967,Duration,0:00:00.002999
Task,"(582, '2019-10-29T02:46:12.249971', 'Relative Genesis Block', '000ef4cbd4a3ccbf5572b27a2a89ad31ea1cd946de047de51db17aa76c18d38a', '000793a2e453fa0a60cb29b3f3212390d30d172c07a9f70215d78c0f00d69a42', 840, 'RGB')",Start_time,2019-10-28 22:46:12.249971,End_time,2019-10-28 22:46:12.252973,Duration,0:00:00.003002
Task,"(583, '2019-10-29T02:46:12.254969', {'digest': 'C38B226D489D312EE7FC940C42E5651046F8827AFF9D8226CF06BAFA6591B217'}, '000e8a0510accbd08961b635121817c54c1987fb85761093eda1faf846cb8cb7', '000ef4cbd4a3ccbf5572b27a2a89ad31ea1cd946de047de51db17aa76c18d38a', 784, 'DB')",Start_time,2019-10-28 22:46:12.254969,End_time,2019-10-28 22:46:12.257969,Duration,0:00:00.003000
Task,"(584, '2019-10-29T02:46:12.258969', <LC.TB_data object at 0x000001BA37F78748>, '000e5689441f218c1b63b1bbb0a073bfbc94209019a5411ab1947333ee158635', '000e8a0510accbd08961b635121817c54c1987fb85761093eda1faf846cb8cb7', 6612, 'TB')",Start_time,2019-10-28 22:46:12.258969,End_time,2019-10-28 22:46:12.281965,Duration,0:00:00.022996
Task,"(585, '2019-10-29T02:46:22.536497', 'Relative Genesis Block', '000a6d79af9630dfe00496256005650453d0d297fca1afdc0f32cd404021062b', '000e5689441f218c1b63b1bbb0a073bfbc94209019a5411ab1947333ee158635', 6199, 'RGB')",Start_time,2019-10-28 22:46:22.536497,End_time,2019-10-28 22:46:22.559500,Duration,0:00:00.023003
Task,"(586, '2019-10-29T02:46:22.560497', {'digest': 'C38B226D489D312EE7FC940C42E5651046F8827AFF9D8226CF06BAFA6591B217'}, '00056d46320779d51635a8dffa12f7fc79568ea1b473858a210d4d4ef0863f86', '000a6d79af9630dfe00496256005650453d0d297fca1afdc0f32cd404021062b', 1487, 'DB')",Start_time,2019-10-28 22:46:22.560497,End_time,2019-10-28 22:46:22.567623,Duration,0:00:00.007126
Task,"(587, '2019-10-29T02:46:22.568498', <LC.TB_data object at 0x000001BA37F916D8>, '000fd82128d36197dd571ad6583a1b9a6fb46addec9aab62bbad69ae9980a995', '00056d46320779d51635a8dffa12f7fc79568ea1b473858a210d4d4ef0863f86', 199, 'TB')",Start_time,2019-10-28 22:46:22.568498,End_time,2019-10-28 22:46:22.568498,Duration,0:00:00
Task,"(588, '2019-10-29T02:46:32.730353', 'Relative Genesis Block', '000a9280b20fcc5170596c5eaa0ceb4360bcb42f1d35c803ac8bc52fc12376a5', '000fd82128d36197dd571ad6583a1b9a6fb46addec9aab62bbad69ae9980a995', 441, 'RGB')",Start_time,2019-10-28 22:46:32.730353,End_time,2019-10-28 22:46:32.732350,Duration,0:00:00.001997
Task,"(589, '2019-10-29T02:46:32.733356', {'digest': 'C38B226D489D312EE7FC940C42E5651046F8827AFF9D8226CF06BAFA6591B217'}, '000fcbca968c60054f35ede367d850d6e7e2cca5692a0ea88c3575414483852f', '000a9280b20fcc5170596c5eaa0ceb4360bcb42f1d35c803ac8bc52fc12376a5', 3066, 'DB')",Start_time,2019-10-28 22:46:32.733356,End_time,2019-10-28 22:46:32.746384,Duration,0:00:00.013028
Task,"(590, '2019-10-29T02:46:32.747385', <LC.TB_data object at 0x000001BA37F91F28>, '000cb06778e8ce96989257c2a6328fe4345ff05bddb7fa219e472c6960e6d0cc', '000fcbca968c60054f35ede367d850d6e7e2cca5692a0ea88c3575414483852f', 0, 'TB')",Start_time,2019-10-28 22:46:32.747385,End_time,2019-10-28 22:46:32.747385,Duration,0:00:00
Task,"(591, '2019-10-29T02:46:43.074655', 'Relative Genesis Block', '00004c282c0e8ed81687737ea922af6a163df22ae02eebb97b8e42e8ddd4e8a4', '000cb06778e8ce96989257c2a6328fe4345ff05bddb7fa219e472c6960e6d0cc', 5295, 'RGB')",Start_time,2019-10-28 22:46:43.074655,End_time,2019-10-28 22:46:43.090654,Duration,0:00:00.015999
Task,"(592, '2019-10-29T02:46:43.091654', {'digest': 'C38B226D489D312EE7FC940C42E5651046F8827AFF9D8226CF06BAFA6591B217'}, '0008b8048ada7874914cf478f48a0db26b0e2fa1ac31d0c00e3e0128d078580c', '00004c282c0e8ed81687737ea922af6a163df22ae02eebb97b8e42e8ddd4e8a4', 237, 'DB')",Start_time,2019-10-28 22:46:43.091654,End_time,2019-10-28 22:46:43.091654,Duration,0:00:00
Task,"(593, '2019-10-29T02:46:43.092690', <LC.TB_data object at 0x000001BA37F91780>, '0009af252a13feed8062f8ea31a8caee03f77c866598c0ecce2bbf1ce2d06492', '0008b8048ada7874914cf478f48a0db26b0e2fa1ac31d0c00e3e0128d078580c', 1494, 'TB')",Start_time,2019-10-28 22:46:43.092690,End_time,2019-10-28 22:46:43.096652,Duration,0:00:00.003962
Task,"(594, '2019-10-29T02:46:53.409659', 'Relative Genesis Block', '0008f158d2fe2ac90c285e10b222f987f902b81941f0e676c49572612cb10ab9', '0009af252a13feed8062f8ea31a8caee03f77c866598c0ecce2bbf1ce2d06492', 4348, 'RGB')",Start_time,2019-10-28 22:46:53.409659,End_time,2019-10-28 22:46:53.425652,Duration,0:00:00.015993
Task,"(595, '2019-10-29T02:46:53.428654', {'digest': 'C38B226D489D312EE7FC940C42E5651046F8827AFF9D8226CF06BAFA6591B217'}, '000838456a8231050fdfc437f90b6242bb561ed2870ecf8af20e4c44403bbc35', '0008f158d2fe2ac90c285e10b222f987f902b81941f0e676c49572612cb10ab9', 2692, 'DB')",Start_time,2019-10-28 22:46:53.428654,End_time,2019-10-28 22:46:53.439654,Duration,0:00:00.011000
Task,"(596, '2019-10-29T02:46:53.440656', <LC.TB_data object at 0x000001BA37F9E3C8>, '0003d9b657508d0d82ef5ee0b7d3ce4be5f10b5d4db71c349c09376e7a60bc08', '000838456a8231050fdfc437f90b6242bb561ed2870ecf8af20e4c44403bbc35', 581, 'TB')",Start_time,2019-10-28 22:46:53.440656,End_time,2019-10-28 22:46:53.442655,Duration,0:00:00.001999
Task,"(597, '2019-10-29T02:47:03.700204', 'Relative Genesis Block', '0009452436fa1b5a7e7b3352e19303555179c285b6b698813d7e95046160146b', '0003d9b657508d0d82ef5ee0b7d3ce4be5f10b5d4db71c349c09376e7a60bc08', 2129, 'RGB')",Start_time,2019-10-28 22:47:03.700204,End_time,2019-10-28 22:47:03.709215,Duration,0:00:00.009011
Task,"(598, '2019-10-29T02:47:03.710206', {'digest': 'C38B226D489D312EE7FC940C42E5651046F8827AFF9D8226CF06BAFA6591B217'}, '00086123230cd33c8bbae9e1af63203df7bc0470cd318db563e66ce34055c908', '0009452436fa1b5a7e7b3352e19303555179c285b6b698813d7e95046160146b', 3629, 'DB')",Start_time,2019-10-28 22:47:03.710206,End_time,2019-10-28 22:47:03.724206,Duration,0:00:00.014000
Task,"(599, '2019-10-29T02:47:03.725204', <LC.TB_data object at 0x000001BA37F9E4E0>, '000bf90f20263cc15869122136630147490384940c7beb186defa7ecd33b1edf', '00086123230cd33c8bbae9e1af63203df7bc0470cd318db563e66ce34055c908', 1544, 'TB')",Start_time,2019-10-28 22:47:03.725204,End_time,2019-10-28 22:47:03.733207,Duration,0:00:00.008003
